1	4.271	1.0309	1.00	19.2
2	1.894	0.15976	1.00	41.8
3	4.597	0.59782	1.10	40.0
4	12.046	1.0781	1.06	63.7
5	13.093	1.0486	1.01	76.
6	11.364	1.00	1.03	78.
7	3.481	1.058	1.04	82.
8	4.302	0.93942	0.99	95.0
9	3.522	0.74562	0.95	115.
10	3.585	0.3424	0.90	137.
11	2.541	0.45259	0.82	149.
12	4.302	0.71074	0.81	156.
13	6.023	0.90519	0.83	166.
14	4.977	0.97411	0.88	173.
15	3.542	0.97184	1.00	173.
16	3.885	0.89852	0.95	180.
17	3.22	0.70827	0.97	174.
18	2.488	0.39816	0.99	188.
19	1.329	0.36552	0.98	190.
20	2.014	0.62712	0.97	191.
21	4.015	0.81707	0.98	191.
22	5.682	0.9943	0.97	233.
23	7.213	1.1423	0.96	245.
24	8.33	1.2381	0.93	257.
25	8.15	1.1222	0.91	272.
26	8.483	0.92705	0.9	286.
27	8.989	1.0047	0.88	297.
28	9.125	1.2	0.9	311.
29	8.483	1.0661	0.9	322.
30	6.546	0.97411	0.9	330.
31	5.104	0.84912	0.9	334.
32	4.428	0.95	0.85	350.
33	4.597	1.0903	0.9	347.
34	3.65	1.0429	0.9	348.
35	2.562	0.49715	0.91	343.
36	1.87	0.37755	0.92	352.
37	1.077	0.35211	0.9	363.
38	1.787	0.57801	0.9	366.
39	3.041	0.77773	0.9	379.
40	4.271	1.0207	0.9	393.
41	5.576	1.029	0.9	417.
42	6.407	1.2542	0.88	424.
43	0.0	1.122	0.9	428.
44	7.256	1.1241	0.88	441.
45	7.256	1.0882	0.88	449.
46	6.767	1.2709	0.9	470.
47	5.847	1.2542	0.9	470.
48	4.597	0.90094	0.88	469.
49	3.836	0.74093	0.9	488.
50	3.695	0.86054	0.9	488.
51	3.273	0.93155	0.9	487.
52	2.938	1.0047	0.9	485.
53	2.343	0.55379	0.96	474.
54	1.403	0.43289	1.2	482.
55	.860	0.32636	0.9	488.
56	1.544	0.5131	0.88	491.
57	2.676	0.6950	0.88	501.
58	2.868	0.72591	0.85	523.
59	2.895	0.71202	0.90	535.
60	2.923	0.67413	0.90	546.
61	0.00	0.71418	0.92	560.
62	3.026	0.71453	0.95	574.
63	2.084	0.5911	0.99	580.
64	3.026	0.70263	1.03	591.
65	3.136	0.68049	1.05	614.
66	3.170	0.68203	1.07	628.
67	3.220	0.68121	1.08	650.
68	3.273	0.68532	1.10	658.
69	3.327	0.68715	1.08	674.
70	2.428	0.61884	1.08	684.
71	3.383	0.71801	1.08	694.
72	4.428	0.83048	1.08	705.
73	5.525	1.1222	1.09	718.
74	6.320	1.2381	1.09	727.
75	6.805	1.045	1.10	736.
76	7.144	1.0733	1.11	746.
77	7.052	1.0953	1.12	757.
78	6.618	1.2381	1.13	790.
79	5.904	1.2879	1.14	790.
80	4.069	0.78654	1.15	800.
81	3.501	0.66401	1.17	810.
82	3.291	0.84912	1.20	823.
83	2.827	0.88433	1.18	823.
84	2.653	0.80746	1.17	830.
85	0.00	0.43357	1.17	825.
86	0.00	0.41923	1.16	794.
87	0.00	0.43638	1.16	827.
88	1.338	0.51464	1.16	826.
89	0.00	0.73087	1.16	841.
90	3.026	0.81065	1.16	847.
91	4.015	1.9578	1.16	878.
92	4.818	1.0257	1.16	890.