001	8.37480E-05	19.200000	0.992162	1
001	8.37480E-05	21.800000	0.992162	2
002	1.66322E-04	41.800000	0.499675
003	5.34000E-01	40.000000	0.432214
004	1.84800E+00	63.700000	0.443844
005	2.37000E+00	76.000000	0.462535
006	2.00000E+00	70.000000	0.499542	1
006	2.00000E+00	81.000000	0.499542	2
007	1.16528E-03	82.000000	0.499761	1
007	1.16528E-03	82.000000	0.499761	2
008	1.33151E-03	95.000000	0.500019	1
008	1.33151E-03	106.000000	0.500019	2
009	1.58029E-03	115.000000	0.473724
010	8.38505E-04	137.000000	0.495565
011	9.71000E-01	149.000000	0.478474
012	1.74000E+00	156.000000	0.493726
013	2.69890E+00	166.000000	0.481811
014	2.33000E+00	173.000000	0.498478
015	2.20000E+00	173.000000	0.484281
016	2.00000E+00	180.000000	0.499064
017	2.99473E-03	174.000000	0.479508
018	1.66201E-03	188.000000	0.450586
019	8.62000E-01	190.000000	0.485955
020	1.55000E+00	191.000000	0.499002
021	2.98900E+00	216.000000	0.467124
022	4.54000E+00	233.000000	0.459482
023	6.11000E+00	245.000000	0.451498
024	7.18000E+00	257.000000	0.461574
025	7.44000E+00	272.000000	0.455058
026	7.87400E+00	286.000000	0.465558
027	8.90000E+00	297.000000	0.458146
028	8.90200E+00	311.000000	0.477083
029	8.96000E+00	322.000000	0.456362
030	7.13300E+00	330.000000	0.458856
031	5.90400E+00	334.000000	0.444636
032	5.32300E+00	350.000000	0.440832
033	5.73000E+00	347.000000	0.440460
034	4.50000E+00	348.000000	0.430598
035	7.07218E-03	343.000000	0.438026
036	3.47832E-03	352.000000	0.429594
037	1.53200E+00	363.000000	0.432912
038	2.54000E+00	366.000000	0.433691
039	4.46900E+00	379.000000	0.438666
040	6.50600E+00	393.000000	0.438500
041	8.57000E+00	417.000000	0.441304
042	1.02200E+01	424.000000	0.437774
043	1.15000E+01	428.000000	0.439192
044	1.24100E+01	441.000000	0.435342
045	1.24100E+01	449.000000	0.437294
046	1.20200E+01	470.000000	0.432250
047	1.05000E+01	470.000000	0.435718
048	8.65000E+00	469.000000	0.427008
049	7.31000E+00	488.000000	0.426755
050	7.31000E+00	488.000000	0.421265
051	6.69100E+00	487.000000	0.418891
052	6.24000E+00	485.000000	0.407524
053	4.93000E+00	491.000000	0.417637
054	5.48536E-03	482.000000	0.411303
055	1.87300E+00	488.000000	0.413828
056	3.50000E+00	491.000000	0.407777
057	6.15400E+00	501.000000	0.410351
058	6.65700E+00	523.000000	0.413931
059	6.71000E+00	535.000000	0.418714
060	6.90000E+00	546.000000	0.415973
061	7.22000E+00	560.000000	0.420942
062	7.46000E+00	574.000000	0.412344
063	5.24300E+00	580.000000	0.414583
064	7.90040E+00	591.000000	0.406995
065	8.22900E+00	614.000000	0.408997
066	8.55000E+00	628.000000	0.406154
067	8.79500E+00	650.000000	0.406232
068	9.06600E+00	658.000000	0.406553
069	9.32100E+00	674.000000	0.408443
070	6.73000E+00	684.000000	0.404531
071	9.84000E+00	694.000000	0.405791
072	1.33100E+01	705.000000	0.403384
073	1.66540E+01	718.000000	0.403431
074	1.93000E+01	727.000000	0.402502
075	2.10200E+01	736.000000	0.402778
076	2.25700E+01	746.000000	0.399579
077	2.24200E+01	757.000000	0.400583
078	2.14500E+01	790.000000	0.399836
079	1.93200E+01	790.000000	0.401083
080	1.35460E+01	800.000000	0.398823
081	1.17200E+01	810.000000	0.396315
082	1.13500E+01	823.000000	0.395753
083	9.74700E+00	823.000000	0.397166
084	9.32000E+00	830.000000	0.401948
085	9.32000E+00	825.000000	0.404787
086	9.06618E-03	794.000000	0.387356
087	1.00000E+00	827.000000	0.390100
088	5.00000E+00	826.000000	0.389337
089	1.00700E+01	841.000000	0.392022
090	1.17200E+01	847.000000	0.387867
091	1.53700E+01	878.000000	0.393878
092	1.89500E+01	890.000000	0.386508
093	2.02500E+01	902.000000	0.392325
094	1.98400E+01	921.000000	0.393220
095	1.36700E+01	934.000000	0.390848
096	1.35100E+01	939.000000	0.388554
097	1.40000E+01	952.000000	0.392601
098	1.00000E+01	966.000000	0.390314
099	1.12700E+00	65.100000	0.549031
100	7.89900E-01	64.200000	0.550966
101	1.09670E-03	58.200000	0.537680
102	1.35000E+00	71.400000	0.518027
103	9.20000E-01	63.200000	0.558468
104	1.20479E-03	85.700000	0.499190
105	1.42000E+00	71.900000	0.538758
106	3.97000E+00	145.200000	0.490382
107	1.10000E+00	63.200000	0.551776
108	8.26019E-04	53.700000	0.587185
109	1.02350E+00	66.200000	0.536895
110	1.28300E+00	69.500000	0.527400
111	1.45000E+00	85.900000	0.527397
112	1.25000E+00	72.400000	0.527919
113	4.89000E+00	375.900000	0.422069
114	4.50000E+00	285.700000	0.445611
115	8.78650E-01	63.400000	0.537680
116	3.01000E+00	93.200000	0.479778
117	7.13000E+00	534.100000	0.420652
118	1.06000E+00	75.200000	0.549952
119	1.85000E+00	91.900000	0.530103
120	1.85000E+00	106.400000	0.521299
121	2.52000E+00	84.700000	0.470580
122	1.81200E+00	99.600000	0.488378
123	1.03000E+00	73.300000	0.554227
124	2.49343E-03	48.300000	0.584966
125	8.09800E-01	59.900000	0.566630
126	1.76000E+00	86.800000	0.499687
127	6.20000E+00	539.300000	0.416649
128	7.90000E+00	468.300000	0.427472
129	2.80000E+00	136.400000	0.499554
130	3.18000E+00	166.000000	0.486700
131	3.30000E+00	176.100000	0.499292
132	2.96000E+00	152.300000	0.499495
133	6.06200E+00	395.000000	0.437610
134	1.84212E-03	85.000000	0.499889
135	1.59400E+00	166.300000	0.481072
136	1.42000E+00	77.600000	0.530399
137	1.20000E+00	74.600000	0.532794
138	1.49000E+00	87.000000	0.514237
139	1.03000E+00	76.700000	0.552785
140	4.11500E+00	440.700000	0.421319
141	4.51000E+00	553.100000	0.415689
142	1.10580E+00	89.100000	0.515288
143	1.48320E+00	156.000000	0.485852
144	2.30000E+00	135.200000	0.502736
145	7.79000E-01	56.400000	0.570337
146	1.30480E+00	106.500000	0.503389
147	1.21990E+00	103.300000	0.517437
148	1.23510E+00	111.900000	0.505257
149	7.13780E-01	60.000000	0.566630
150	9.48700E-01	66.600000	0.547238
151	1.10140E+00	98.600000	0.537574
152	1.25324E-03	45.400000	0.598615
153	7.89300E-01	62.900000	0.564373
154	1.13000E+00	69.300000	0.544046
155	1.17497E-03	50.700000	0.570337
156	1.10000E+00	73.300000	0.548767
157	5.20000E+00	227.300000	0.475916
158	7.15000E+00	261.000000	0.465067
159	5.70000E+00	248.600000	0.473232
160	1.02400E+00	76.400000	0.553282
161	1.12000E+00	143.000000	0.479681
162	1.80000E+00	284.900000	0.448012
163	9.50000E-01	126.600000	0.478656
164	1.50000E+00	210.500000	0.456651
165	1.80000E+00	293.500000	0.438975
166	7.44000E+00	493.300000	0.422656
167	5.31000E+00	384.900000	0.442473
168	1.29140E+00	74.800000	0.539734
169	2.23000E+00	134.000000	0.497068
170	6.22000E+00	526.400000	0.421007
171	2.40000E+00	145.400000	0.497313
172	1.54000E+00	77.200000	0.534888
173	1.46000E+00	73.300000	0.533714
174	1.26130E+00	72.600000	0.542921
175	1.58000E+00	75.000000	0.516121
176	2.32000E+00	129.700000	0.511128
177	6.83760E-01	54.400000	0.578823
178	6.60300E-01	54.000000	0.580204
179	1.42000E+00	79.600000	0.512644
180	6.28000E+00	439.700000	0.425878
181	5.86000E+00	421.200000	0.427063
182	9.53000E+00	766.700000	0.403227
183	1.17800E+00	55.500000	0.522568
184	2.11000E+00	87.900000	0.487203
185	2.63500E+00	94.000000	0.462617
186	8.20000E-01	36.500000	0.503214
187	3.49400E+00	485.100000	0.418393
188	2.01300E+00	73.600000	0.468519
189	2.44000E+00	94.600000	0.484869
190	1.05000E+00	75.300000	0.549652
191	1.05000E+00	67.900000	0.555116
192	2.95800E+00	118.000000	0.498137
193	3.00000E+00	134.300000	0.481527
194	3.58000E+00	143.800000	0.496224
195	2.53000E+00	108.300000	0.490139
196	6.36000E+00	684.500000	0.409332
197	6.67151E-04	41.700000	0.623340
198	7.91400E-01	67.600000	0.561763
199	9.90000E-01	60.900000	0.564789
200	1.00000E+00	75.100000	0.538856
201	1.04000E+00	75.300000	0.549378
202	1.04000E+00	74.700000	0.550051
203	1.11000E+00	74.300000	0.548281
204	1.07000E+00	74.200000	0.550136
205	1.14500E+00	68.400000	0.530532
206	1.19867E+00	75.800000	0.519856
207	1.83094E-03	84.900000	0.499855
208	1.08000E+00	64.300000	0.550625
209	1.14000E+00	63.900000	0.547902
210	1.14000E+00	63.200000	0.552359
211	1.42500E+00	61.600000	0.556486
212	7.02600E-01	54.700000	0.577781
213	9.30000E-01	55.900000	0.572748
214	6.26200E-01	53.600000	0.582122
215	3.81500E+00	331.000000	0.454532
216	1.03200E+00	64.700000	0.541415
217	1.14600E+01	746.500000	0.405828
218	1.17000E+00	69.600000	0.527671
219	1.20000E+00	73.100000	0.526968
220	1.30000E+00	81.700000	0.525176
221	9.40000E-01	57.400000	0.570337
222	1.40000E+00	78.700000	0.520370
223	1.19000E+00	74.000000	0.539369
224	1.42500E+00	77.400000	0.532868
225	9.00000E-01	56.500000	0.570337
226	1.06000E+00	68.700000	0.537680
227	2.20000E+00	99.100000	0.479925
228	2.10000E+00	120.700000	0.480810
229	1.19000E+00	73.700000	0.534323
230	1.30000E+00	69.700000	0.544798
231	1.12000E+00	67.200000	0.545366
232	1.30000E+00	108.200000	0.512011
233	1.70000E+00	134.300000	0.495132
234	1.76000E+00	88.800000	0.499730
235	1.25000E+00	67.700000	0.539844
236	3.13000E+00	431.900000	0.433728
237	2.32000E+00	189.900000	0.488343
238	1.87939E-03	47.100000	0.589620
239	4.30000E-01	52.000000	0.589620
240	8.03500E-01	61.100000	0.565765
241	9.81900E-01	66.200000	0.530965
242	9.20000E-01	56.500000	0.570337
243	9.20000E-01	59.800000	0.557854
244	1.23000E+00	93.000000	0.519560
245	2.32000E+00	139.200000	0.499298
246	6.47300E+00	486.600000	0.436700
247	5.56000E+00	398.400000	0.446550
248	6.47000E+00	487.100000	0.436633
249	6.01000E+00	543.500000	0.425944
250	1.10000E+00	72.700000	0.549325
251	2.53200E+00	125.000000	0.490618
252	3.66700E+00	452.000000	0.426968
253	2.27000E+00	148.800000	0.484035
254	2.26100E+00	114.600000	0.494149
255	9.70700E-01	67.700000	0.532597
256	1.58050E+00	77.500000	0.531699
257	1.23400E+00	71.700000	0.521485
258	1.04000E+00	75.000000	0.551083
259	1.62500E+00	159.200000	0.482410
260	7.00400E+00	690.300000	0.408613
261	1.00000E+00	72.300000	0.551210
262	1.00000E+00	74.900000	0.549750
263	1.06409E-03	61.200000	0.549927
264	1.82628E-03	59.500000	0.550268
265	4.26000E+00	179.500000	0.475721
266	8.66900E-01	62.500000	0.542651
267	1.46000E+00	148.100000	0.487104
268	1.07000E+00	81.200000	0.538001
269	2.40000E+00	354.400000	0.429760
270	1.12800E+01	752.000000	0.396869
271	1.36300E+01	862.000000	0.391937
272	1.09600E+01	720.600000	0.399959
273	1.32300E+00	72.800000	0.532841
274	1.23000E+00	67.700000	0.546320
275	1.80000E+00	98.600000	0.485850
276	1.00000E+00	75.000000	0.555087
277	7.56182E-04	71.600000	0.555087
278	8.70000E-01	61.800000	0.546309
906	1.70000E+00	78.000000	0.499542
