122
2.500E-04
3.750E-04
5.000E-04
6.250E-04
7.500E-04
1.000E-03
1.250E-03
1.500E-03
1.750E-03
2.000E-03
2.250E-03
2.500E-03
3.125E-03
3.750E-03
4.375E-03
5.000E-03
5.625E-03
6.250E-03
6.875E-03
7.500E-03
8.750E-03
1.000E-02
1.125E-02
1.250E-02
1.375E-02
1.500E-02
1.625E-02
1.750E-02
1.875E-02
2.000E-02
2.125E-02
2.250E-02
2.375E-02
2.500E-02
3.125E-02
3.750E-02
4.375E-02
5.000E-02
5.625E-02
6.250E-02
6.875E-02
7.500E-02
8.750E-02
1.000E-01
1.125E-01
1.250E-01
1.375E-01
1.500E-01
1.625E-01
1.750E-01
1.875E-01
2.000E-01
2.125E-01
2.250E-01
2.375E-01
2.500E-01
3.125E-01
3.750E-01
4.375E-01
5.000E-01
5.625E-01
6.250E-01
6.875E-01
7.500E-01
8.750E-01
1.000E+00
1.125E+00
1.250E+00
1.375E+00
1.500E+00
1.625E+00
1.750E+00
1.875E+00
2.000E+00
2.125E+00
2.250E+00
2.375E+00
2.500E+00
3.125E+00
3.750E+00
4.375E+00
5.000E+00
5.625E+00
6.250E+00
6.875E+00
7.500E+00
8.750E+00
1.000E+01
1.125E+01
1.250E+01
1.375E+01
1.500E+01
1.625E+01
1.750E+01
1.875E+01
2.000E+01
2.125E+01
2.250E+01
2.375E+01
2.500E+01
3.125E+01
3.750E+01
4.375E+01
5.000E+01
5.625E+01
6.250E+01
6.875E+01
7.500E+01
8.750E+01
1.000E+02
1.125E+02
1.250E+02
1.375E+02
1.500E+02
1.625E+02
1.750E+02
1.875E+02
2.000E+02
2.125E+02
2.250E+02
2.375E+02
2.500E+02
