#104:01:53
5.558E+02
5.934E+02
6.506E+02
6.897E+02
7.149E+02
7.293E+02
7.355E+02
7.352E+02
7.301E+02
6.680E+02
5.928E+02
5.284E+02
4.767E+02
4.015E+02
3.501E+02
3.123E+02
2.826E+02
2.589E+02
2.393E+02
2.229E+02
1.683E+02
1.371E+02
1.165E+02
1.018E+02
8.197E+01
6.909E+01
5.997E+01
5.315E+01
4.783E+01
4.357E+01
4.006E+01
2.894E+01
2.294E+01
1.915E+01
1.653E+01
1.312E+01
1.099E+01
9.517E+00
8.443E+00
7.620E+00
6.970E+00
6.443E+00
4.816E+00
3.976E+00
3.462E+00
3.118E+00
2.687E+00
2.431E+00
2.266E+00
2.151E+00
2.069E+00
2.008E+00
1.963E+00

#104:02:53
1.031E+03
1.129E+03
1.296E+03
1.437E+03
1.555E+03
1.655E+03
1.738E+03
1.808E+03
1.866E+03
2.012E+03
2.005E+03
1.924E+03
1.807E+03
1.571E+03
1.383E+03
1.237E+03
1.121E+03
1.028E+03
9.513E+02
8.865E+02
6.700E+02
5.456E+02
4.637E+02
4.050E+02
3.261E+02
2.748E+02
2.386E+02
2.114E+02
1.903E+02
1.733E+02
1.593E+02
1.151E+02
9.123E+01
7.618E+01
6.575E+01
5.219E+01
4.370E+01
3.786E+01
3.359E+01
3.032E+01
2.774E+01
2.564E+01
1.917E+01
1.583E+01
1.379E+01
1.240E+01
1.070E+01
9.680E+00
9.020E+00
8.570E+00
8.240E+00
7.990E+00
7.800E+00

#104:03:53
2.0620E+03
2.2380E+03
2.5320E+03
2.7640E+03
2.9430E+03
3.0770E+03
3.1760E+03
3.2470E+03
3.2960E+03
3.3540E+03
3.2820E+03
3.1760E+03
3.0610E+03
2.8390E+03
2.6390E+03
2.4610E+03
2.3050E+03
2.1670E+03
2.0440E+03
1.9330E+03
1.5230E+03
1.2570E+03
1.0720E+03
9.3720E+02
7.5200E+02
6.3130E+02
5.4630E+02
4.8310E+02
4.3410E+02
3.9490E+02
3.6270E+02
2.6140E+02
2.0700E+02
1.7280E+02
1.4910E+02
1.1830E+02
9.9070E+01
8.5830E+01
7.6140E+01
6.8730E+01
6.2870E+01
5.8110E+01
4.3460E+01
3.5890E+01
3.1270E+01
2.8160E+01
2.4280E+01
2.1990E+01
2.0500E+01
1.9470E+01
1.8730E+01
1.8190E+01
1.7780E+01

#104:04:53
2.5600E+03
2.7970E+03
3.2050E+03
3.5460E+03
3.8290E+03
4.0600E+03
4.2450E+03
4.3900E+03
4.5020E+03
4.7510E+03
4.7600E+03
4.6860E+03
4.5810E+03
4.3460E+03
4.1130E+03
3.8960E+03
3.6960E+03
3.5130E+03
3.3460E+03
3.1930E+03
2.5920E+03
2.1790E+03
1.8790E+03
1.6530E+03
1.3350E+03
1.1230E+03
9.7290E+02
8.6010E+02
7.7240E+02
7.0240E+02
6.4500E+02
4.6430E+02
3.6770E+02
3.0690E+02
2.6490E+02
2.1020E+02
1.7610E+02
1.5250E+02
1.3530E+02
1.2220E+02
1.1170E+02
1.0330E+02
7.7310E+01
6.3840E+01
5.5630E+01
5.0110E+01
4.3210E+01
3.9130E+01
3.6480E+01
3.4650E+01
3.3340E+01
3.2370E+01
3.1630E+01

#104:05:53
2.9590E+03
3.2530E+03
3.7660E+03
4.2040E+03
4.5820E+03
4.9050E+03
5.1780E+03
5.4040E+03
5.5880E+03
6.0860E+03
6.2160E+03
6.2030E+03
6.1300E+03
5.9150E+03
5.6760E+03
5.4390E+03
5.2120E+03
4.9980E+03
4.7990E+03
4.6120E+03
3.8480E+03
3.2920E+03
2.8720E+03
2.5470E+03
2.0760E+03
1.7550E+03
1.5220E+03
1.3470E+03
1.2100E+03
1.1000E+03
1.0090E+03
7.2560E+02
5.7420E+02
4.7920E+02
4.1360E+02
3.2840E+02
2.7500E+02
2.3830E+02
2.1150E+02
1.9100E+02
1.7470E+02
1.6150E+02
1.2080E+02
9.9820E+01
8.6980E+01
7.8350E+01
6.7570E+01
6.1190E+01
5.7050E+01
5.4200E+01
5.2150E+01
5.0640E+01
4.9480E+01

#104:06:53
3.2800E+03
3.6280E+03
4.2400E+03
4.7690E+03
5.2340E+03
5.6420E+03
5.9980E+03
6.3050E+03
6.5660E+03
7.3500E+03
7.6350E+03
7.7070E+03
7.6830E+03
7.5140E+03
7.2860E+03
7.0450E+03
6.8050E+03
6.5720E+03
6.3500E+03
6.1380E+03
5.2390E+03
4.5530E+03
4.0190E+03
3.5930E+03
2.9620E+03
2.5180E+03
2.1920E+03
1.9430E+03
1.7460E+03
1.5880E+03
1.4580E+03
1.0460E+03
8.2700E+02
6.8980E+02
5.9530E+02
4.7260E+02
3.9590E+02
3.4310E+02
3.0450E+02
2.7490E+02
2.5160E+02
2.3260E+02
1.7410E+02
1.4380E+02
1.2530E+02
1.1290E+02
9.7390E+01
8.8200E+01
8.2230E+01
7.8120E+01
7.5170E+01
7.2990E+01
7.1330E+01

#104:07:53
3.5540E+03
3.9460E+03
4.6450E+03
5.2540E+03
5.7960E+03
6.2800E+03
6.7120E+03
7.0940E+03
7.4280E+03
8.5170E+03
8.9890E+03
9.1720E+03
9.2160E+03
9.1190E+03
8.9230E+03
8.6920E+03
8.4510E+03
8.2100E+03
7.9740E+03
7.7460E+03
6.7410E+03
5.9410E+03
5.2980E+03
4.7750E+03
3.9790E+03
3.4070E+03
2.9780E+03
2.6460E+03
2.3820E+03
2.1680E+03
1.9900E+03
1.4270E+03
1.1260E+03
9.3920E+02
8.1010E+02
6.4290E+02
5.3860E+02
4.6690E+02
4.1440E+02
3.7420E+02
3.4240E+02
3.1660E+02
2.3700E+02
1.9580E+02
1.7070E+02
1.5380E+02
1.3260E+02
1.2010E+02
1.1200E+02
1.0640E+02
1.0240E+02
9.9450E+01
9.7180E+01

#104:08:53
3.7960E+03
4.2280E+03
5.0050E+03
5.6900E+03
6.3020E+03
6.8560E+03
7.3570E+03
7.8080E+03
8.2120E+03
9.6090E+03
1.0280E+04
1.0590E+04
1.0720E+04
1.0720E+04
1.0570E+04
1.0360E+04
1.0130E+04
9.8930E+03
9.6530E+03
9.4150E+03
8.3320E+03
7.4340E+03
6.6950E+03
6.0790E+03
5.1210E+03
4.4150E+03
3.8770E+03
3.4560E+03
3.1170E+03
2.8400E+03
2.6100E+03
1.8710E+03
1.4750E+03
1.2280E+03
1.0580E+03
8.3960E+02
7.0330E+02
6.0970E+02
5.4110E+02
4.8870E+02
4.4720E+02
4.1360E+02
3.0970E+02
2.5590E+02
2.2310E+02
2.0100E+02
1.7340E+02
1.5700E+02
1.4640E+02
1.3910E+02
1.3390E+02
1.3000E+02
1.2700E+02

#104:09:53
4.0020E+03
4.4670E+03
5.3120E+03
6.0640E+03
6.7390E+03
7.3540E+03
7.9150E+03
8.4270E+03
8.8920E+03
1.0580E+04
1.1470E+04
1.1910E+04
1.2130E+04
1.2230E+04
1.2130E+04
1.1950E+04
1.1730E+04
1.1500E+04
1.1250E+04
1.1010E+04
9.8750E+03
8.9010E+03
8.0820E+03
7.3890E+03
6.2910E+03
5.4660E+03
4.8280E+03
4.3210E+03
3.9100E+03
3.5720E+03
3.2880E+03
2.3680E+03
1.8680E+03
1.5550E+03
1.3400E+03
1.0620E+03
8.8980E+02
7.7130E+02
6.8470E+02
6.1840E+02
5.6600E+02
5.2340E+02
3.9210E+02
3.2400E+02
2.8270E+02
2.5450E+02
2.1960E+02
1.9890E+02
1.8550E+02
1.7620E+02
1.6960E+02
1.6470E+02
1.6090E+02

#104:10:53
4.1900E+03
4.6830E+03
5.5870E+03
6.3990E+03
7.1330E+03
7.8030E+03
8.4180E+03
8.9860E+03
9.5070E+03
1.1470E+04
1.2580E+04
1.3180E+04
1.3490E+04
1.3710E+04
1.3670E+04
1.3520E+04
1.3320E+04
1.3100E+04
1.2860E+04
1.2610E+04
1.1430E+04
1.0390E+04
9.5060E+03
8.7440E+03
7.5170E+03
6.5780E+03
5.8420E+03
5.2520E+03
4.7680E+03
4.3670E+03
4.0290E+03
2.9170E+03
2.3050E+03
1.9190E+03
1.6540E+03
1.3110E+03
1.0980E+03
9.5190E+02
8.4510E+02
7.6330E+02
6.9870E+02
6.4620E+02
4.8420E+02
4.0030E+02
3.4900E+02
3.1450E+02
2.7140E+02
2.4580E+02
2.2920E+02
2.1780E+02
2.0960E+02
2.0350E+02
1.9890E+02

#104:11:53
4.3370E+03
4.8540E+03
5.8130E+03
6.6840E+03
7.4770E+03
8.2060E+03
8.8780E+03
9.5020E+03
1.0080E+04
1.2340E+04
1.3710E+04
1.4500E+04
1.4940E+04
1.5330E+04
1.5400E+04
1.5330E+04
1.5180E+04
1.4980E+04
1.4770E+04
1.4540E+04
1.3380E+04
1.2300E+04
1.1340E+04
1.0510E+04
9.1310E+03
8.0490E+03
7.1830E+03
6.4770E+03
5.8940E+03
5.4040E+03
4.9880E+03
3.6050E+03
2.8360E+03
2.3520E+03
2.0200E+03
1.5940E+03
1.3320E+03
1.1530E+03
1.0230E+03
9.2400E+02
8.4560E+02
7.8210E+02
5.8600E+02
4.8450E+02
4.2250E+02
3.8080E+02
3.2860E+02
2.9770E+02
2.7760E+02
2.6380E+02
2.5380E+02
2.4650E+02
2.4090E+02

#104:12:53
4.4990E+03
5.0290E+03
6.0200E+03
6.9290E+03
7.7630E+03
8.5310E+03
9.2430E+03
9.9050E+03
1.0520E+04
1.3000E+04
1.4570E+04
1.5510E+04
1.6070E+04
1.6580E+04
1.6700E+04
1.6660E+04
1.6520E+04
1.6330E+04
1.6110E+04
1.5870E+04
1.4660E+04
1.3530E+04
1.2520E+04
1.1640E+04
1.0180E+04
9.0310E+03
8.1030E+03
7.3430E+03
6.7110E+03
6.1780E+03
5.7230E+03
4.1900E+03
3.3230E+03
2.7690E+03
2.3860E+03
1.8890E+03
1.5810E+03
1.3700E+03
1.2160E+03
1.0980E+03
1.0050E+03
9.3040E+02
6.9750E+02
5.7690E+02
5.0310E+02
4.5350E+02
3.9140E+02
3.5460E+02
3.3070E+02
3.1420E+02
3.0240E+02
2.9370E+02
2.8700E+02

#104:13:53
4.6470E+03
5.1930E+03
6.2150E+03
7.1600E+03
8.0350E+03
8.8460E+03
9.5990E+03
1.0300E+04
1.0960E+04
1.3650E+04
1.5450E+04
1.6570E+04
1.7250E+04
1.7930E+04
1.8160E+04
1.8170E+04
1.8080E+04
1.7910E+04
1.7710E+04
1.7490E+04
1.6280E+04
1.5120E+04
1.4070E+04
1.3140E+04
1.1570E+04
1.0320E+04
9.3100E+03
8.4700E+03
7.7650E+03
7.1660E+03
6.6530E+03
4.9030E+03
3.8980E+03
3.2510E+03
2.8020E+03
2.2190E+03
1.8560E+03
1.6080E+03
1.4270E+03
1.2890E+03
1.1800E+03
1.0920E+03
8.1880E+02
6.7730E+02
5.9080E+02
5.3250E+02
4.5970E+02
4.1650E+02
3.8850E+02
3.6910E+02
3.5520E+02
3.4500E+02
3.3720E+02

#104:14:53
4.7940E+03
5.3520E+03
6.4010E+03
7.3780E+03
8.2890E+03
9.1370E+03
9.9280E+03
1.0660E+04
1.1360E+04
1.4250E+04
1.6250E+04
1.7550E+04
1.8370E+04
1.9220E+04
1.9550E+04
1.9640E+04
1.9580E+04
1.9450E+04
1.9270E+04
1.9060E+04
1.7870E+04
1.6680E+04
1.5600E+04
1.4620E+04
1.2960E+04
1.1620E+04
1.0520E+04
9.6130E+03
8.8400E+03
8.1800E+03
7.6110E+03
5.6490E+03
4.5070E+03
3.7650E+03
3.2470E+03
2.5730E+03
2.1530E+03
1.8650E+03
1.6550E+03
1.4950E+03
1.3690E+03
1.2660E+03
9.4980E+02
7.8580E+02
6.8550E+02
6.1800E+02
5.3350E+02
4.8350E+02
4.5100E+02
4.2850E+02
4.1240E+02
4.0050E+02
3.9140E+02

#104:15:53
4.9460E+03
5.5150E+03
6.5880E+03
7.5950E+03
8.5390E+03
9.4220E+03
1.0240E+04
1.1020E+04
1.1750E+04
1.4830E+04
1.7040E+04
1.8510E+04
1.9480E+04
2.0530E+04
2.0990E+04
2.1160E+04
2.1170E+04
2.1080E+04
2.0930E+04
2.0750E+04
1.9600E+04
1.8410E+04
1.7290E+04
1.6280E+04
1.4530E+04
1.3090E+04
1.1900E+04
1.0900E+04
1.0050E+04
9.3240E+03
8.6900E+03
6.4840E+03
5.1820E+03
4.3320E+03
3.7370E+03
2.9590E+03
2.4740E+03
2.1430E+03
1.9010E+03
1.7170E+03
1.5710E+03
1.4540E+03
1.0900E+03
9.0240E+02
7.8730E+02
7.0990E+02
6.1290E+02
5.5550E+02
5.1810E+02
4.9240E+02
4.7390E+02
4.6020E+02
4.4980E+02

#104:16:53
5.0820E+03
5.6650E+03
6.7660E+03
7.8020E+03
8.7790E+03
9.6970E+03
1.0550E+04
1.1360E+04
1.2130E+04
1.5380E+04
1.7790E+04
1.9450E+04
2.0560E+04
2.1820E+04
2.2410E+04
2.2670E+04
2.2740E+04
2.2700E+04
2.2590E+04
2.2430E+04
2.1360E+04
2.0170E+04
1.9030E+04
1.7980E+04
1.6150E+04
1.4620E+04
1.3340E+04
1.2260E+04
1.1330E+04
1.0530E+04
9.8390E+03
7.3800E+03
5.9110E+03
4.9450E+03
4.2650E+03
3.3760E+03
2.8210E+03
2.4410E+03
2.1650E+03
1.9550E+03
1.7890E+03
1.6540E+03
1.2410E+03
1.0270E+03
8.9620E+02
8.0820E+02
6.9790E+02
6.3260E+02
5.9010E+02
5.6080E+02
5.3970E+02
5.2420E+02
5.1230E+02

#104:17:53
5.2420E+03
5.8360E+03
6.9570E+03
8.0150E+03
9.0170E+03
9.9630E+03
1.0850E+04
1.1690E+04
1.2480E+04
1.5890E+04
1.8480E+04
2.0310E+04
2.1570E+04
2.3040E+04
2.3770E+04
2.4110E+04
2.4250E+04
2.4250E+04
2.4180E+04
2.4050E+04
2.3040E+04
2.1860E+04
2.0700E+04
1.9620E+04
1.7710E+04
1.6110E+04
1.4750E+04
1.3600E+04
1.2600E+04
1.1730E+04
1.0980E+04
8.2870E+03
6.6580E+03
5.5790E+03
4.8160E+03
3.8140E+03
3.1870E+03
2.7580E+03
2.4460E+03
2.2080E+03
2.0200E+03
1.8680E+03
1.4010E+03
1.1590E+03
1.0120E+03
9.1290E+02
7.8850E+02
7.1470E+02
6.6670E+02
6.3360E+02
6.0990E+02
5.9230E+02
5.7890E+02

#104:18:53
5.3510E+03
5.9540E+03
7.0920E+03
8.1670E+03
9.1890E+03
1.0150E+04
1.1070E+04
1.1930E+04
1.2750E+04
1.6290E+04
1.9030E+04
2.1030E+04
2.2440E+04
2.4110E+04
2.4960E+04
2.5390E+04
2.5590E+04
2.5640E+04
2.5590E+04
2.5490E+04
2.4530E+04
2.3350E+04
2.2180E+04
2.1080E+04
1.9110E+04
1.7450E+04
1.6030E+04
1.4810E+04
1.3760E+04
1.2850E+04
1.2040E+04
9.1600E+03
7.3940E+03
6.2140E+03
5.3750E+03
4.2660E+03
3.5680E+03
3.0890E+03
2.7410E+03
2.4740E+03
2.2640E+03
2.0940E+03
1.5710E+03
1.3000E+03
1.1350E+03
1.0240E+03
8.8460E+02
8.0190E+02
7.4820E+02
7.1110E+02
6.8440E+02
6.6470E+02
6.4970E+02


#276:1:53
6.2450E+02
6.6710E+02
7.3240E+02
7.7680E+02
8.0500E+02
8.2050E+02
8.2600E+02
8.2390E+02
8.1610E+02
7.3710E+02
6.6130E+02
6.0060E+02
5.5040E+02
4.7190E+02
4.1320E+02
3.6800E+02
3.3250E+02
3.0390E+02
2.8050E+02
2.6080E+02
1.9570E+02
1.5860E+02
1.3440E+02
1.1720E+02
9.4040E+01
7.9110E+01
6.8580E+01
6.0710E+01
5.4600E+01
4.9690E+01
4.5670E+01
3.2920E+01
2.6070E+01
2.1750E+01
1.8760E+01
1.4880E+01
1.2450E+01
1.0780E+01
9.5590E+00
8.6250E+00
7.8880E+00
7.2890E+00
5.4450E+00
4.4920E+00
3.9110E+00
3.5200E+00
3.0320E+00
2.7430E+00
2.5560E+00
2.4260E+00
2.3330E+00
2.2640E+00
2.2110E+00

#276:02:53
1.151E+03
1.257E+03
1.440E+03
1.593E+03
1.723E+03
1.833E+03
1.925E+03
2.004E+03
2.069E+03
2.245E+03
2.260E+03
2.193E+03
2.083E+03
1.839E+03
1.625E+03
1.452E+03
1.315E+03
1.204E+03
1.112E+03
1.035E+03
7.777E+02
6.306E+02
5.344E+02
4.659E+02
3.739E+02
3.146E+02
2.727E+02
2.414E+02
2.171E+02
1.976E+02
1.816E+02
1.309E+02
1.037E+02
8.649E+01
7.461E+01
5.917E+01
4.952E+01
4.289E+01
3.803E+01
3.432E+01
3.139E+01
2.901E+01
2.168E+01
1.789E+01
1.558E+01
1.410E+01
1.210E+01
1.100E+01
1.020E+01
9.700E+00
9.330E+00
9.040E+00
8.810E+00

#276:03:53
2.3193E+03
2.5198E+03
2.8539E+03
3.1164E+03
3.3203E+03
3.4756E+03
3.5914E+03
3.6755E+03
3.7347E+03
3.8125E+03
3.7349E+03
3.6134E+03
3.4818E+03
3.2258E+03
2.9949E+03
2.7909E+03
2.6110E+03
2.4517E+03
2.3103E+03
2.1841E+03
1.7151E+03
1.4139E+03
1.2053E+03
1.0525E+03
8.4417E+02
7.0862E+02
6.1317E+02
5.4214E+02
4.8708E+02
4.4305E+02
4.0697E+02
2.9312E+02
2.3208E+02
1.9364E+02
1.6706E+02
1.3252E+02
1.1092E+02
9.6080E+01
8.5220E+01
7.6915E+01
7.0350E+01
6.5026E+01
4.8615E+01
4.0137E+01
3.4964E+01
3.1490E+01
2.7148E+01
2.4579E+01
2.2911E+01
2.1761E+01
2.0937E+01
2.0327E+01
1.9862E+01

#276:04:53
2.8720E+03
3.1439E+03
3.6102E+03
3.9967E+03
4.3169E+03
4.5788E+03
4.7897E+03
4.9568E+03
5.0872E+03
5.3870E+03
5.4028E+03
5.3185E+03
5.1971E+03
4.9243E+03
4.6549E+03
4.4036E+03
4.1732E+03
3.9629E+03
3.7710E+03
3.5957E+03
2.9117E+03
2.4439E+03
2.1062E+03
1.8518E+03
1.4956E+03
1.2587E+03
1.0901E+03
9.6393E+02
8.6589E+02
7.8742E+02
7.2313E+02
5.2053E+02
4.1214E+02
3.4394E+02
2.9680E+02
2.3550E+02
1.9717E+02
1.7081E+02
1.5152E+02
1.3676E+02
1.2510E+02
1.1564E+02
8.6471E+01
7.1399E+01
6.2202E+01
5.6023E+01
4.8303E+01
4.3734E+01
4.0767E+01
3.8723E+01
3.7256E+01
3.6172E+01
3.5345E+01

#276:05:53
3.2922E+03
3.6315E+03
4.2226E+03
4.7242E+03
5.1543E+03
5.5219E+03
5.8323E+03
6.0911E+03
6.3043E+03
6.8888E+03
7.0451E+03
7.0309E+03
6.9445E+03
6.6925E+03
6.4129E+03
6.1372E+03
5.8747E+03
5.6283E+03
5.3983E+03
5.1841E+03
4.3121E+03
3.6826E+03
3.2109E+03
2.8459E+03
2.3203E+03
1.9619E+03
1.7028E+03
1.5072E+03
1.3543E+03
1.2315E+03
1.1307E+03
8.1305E+02
6.4344E+02
5.3693E+02
4.6337E+02
3.6777E+02
3.0797E+02
2.6684E+02
2.3674E+02
2.1371E+02
1.9550E+02
1.8072E+02
1.3517E+02
1.1163E+02
9.7256E+01
8.7601E+01
7.5535E+01
6.8395E+01
6.3757E+01
6.0561E+01
5.8268E+01
5.6574E+01
5.5280E+01

#276:06:53
3.6037E+03
4.0035E+03
4.7125E+03
5.3248E+03
5.8601E+03
6.3287E+03
6.7363E+03
7.0875E+03
7.3872E+03
8.2986E+03
8.6350E+03
8.7189E+03
8.6879E+03
8.4850E+03
8.2162E+03
7.9331E+03
7.6534E+03
7.3839E+03
7.1272E+03
6.8840E+03
5.8573E+03
5.0814E+03
4.4808E+03
4.0044E+03
3.3005E+03
2.8080E+03
2.4458E+03
2.1691E+03
1.9511E+03
1.7751E+03
1.6302E+03
1.1714E+03
9.2630E+02
7.7269E+02
6.6676E+02
5.2925E+02
4.4328E+02
3.8415E+02
3.4086E+02
3.0773E+02
2.8154E+02
2.6028E+02
1.9473E+02
1.6083E+02
1.4014E+02
1.2624E+02
1.0886E+02
9.8575E+01
9.1894E+01
8.7290E+01
8.3986E+01
8.1545E+01
7.9682E+01

#276:07:53
3.8821E+03
4.3278E+03
5.1314E+03
5.8371E+03
6.4632E+03
7.0210E+03
7.5168E+03
7.9545E+03
8.3378E+03
9.5943E+03
1.0145E+04
1.0356E+04
1.0402E+04
1.0278E+04
1.0041E+04
9.7677E+03
9.4845E+03
9.2035E+03
8.9301E+03
8.6668E+03
7.5173E+03
6.6126E+03
5.8919E+03
5.3080E+03
4.4226E+03
3.7883E+03
3.3138E+03
2.9467E+03
2.6550E+03
2.4179E+03
2.2217E+03
1.5965E+03
1.2614E+03
1.0516E+03
9.0715E+02
7.1995E+02
6.0305E+02
5.2268E+02
4.6384E+02
4.1882E+02
3.8320E+02
3.5431E+02
2.6515E+02
2.1903E+02
1.9087E+02
1.7194E+02
1.4829E+02
1.3429E+02
1.2519E+02
1.1892E+02
1.1442E+02
1.1110E+02
1.0856E+02

#276:08:53
4.1215E+03
4.6063E+03
5.4945E+03
6.2868E+03
6.9978E+03
7.6391E+03
8.2175E+03
8.7372E+03
9.2010E+03
1.0808E+04
1.1596E+04
1.1955E+04
1.2096E+04
1.2077E+04
1.1890E+04
1.1639E+04
1.1364E+04
1.1081E+04
1.0799E+04
1.0523E+04
9.2787E+03
8.2615E+03
7.4307E+03
6.7431E+03
5.6787E+03
4.8981E+03
4.3045E+03
3.8393E+03
3.4663E+03
3.1610E+03
2.9069E+03
2.0903E+03
1.6501E+03
1.3745E+03
1.1851E+03
9.4004E+02
7.8733E+02
6.8244E+02
6.0568E+02
5.4694E+02
5.0048E+02
4.6278E+02
3.4643E+02
2.8622E+02
2.4945E+02
2.2474E+02
1.9384E+02
1.7555E+02
1.6367E+02
1.5547E+02
1.4959E+02
1.4525E+02
1.4194E+02

#276:09:53
4.2951E+03
4.8107E+03
5.7678E+03
6.6342E+03
7.4196E+03
8.1343E+03
8.7858E+03
9.3786E+03
9.9152E+03
1.1857E+04
1.2890E+04
1.3408E+04
1.3652E+04
1.3749E+04
1.3620E+04
1.3398E+04
1.3136E+04
1.2857E+04
1.2573E+04
1.2291E+04
1.0982E+04
9.8800E+03
8.9601E+03
8.1871E+03
6.9687E+03
6.0574E+03
5.3535E+03
4.7954E+03
4.3434E+03
3.9704E+03
3.6580E+03
2.6420E+03
2.0878E+03
1.7393E+03
1.4994E+03
1.1892E+03
9.9601E+02
8.6336E+02
7.6632E+02
6.9207E+02
6.3334E+02
5.8568E+02
4.3857E+02
3.6242E+02
3.1590E+02
2.8462E+02
2.4552E+02
2.2237E+02
2.0733E+02
1.9696E+02
1.8951E+02
1.8401E+02
1.7981E+02

#276:10:53
4.4513E+03
4.9910E+03
6.0040E+03
6.9338E+03
7.7852E+03
8.5662E+03
9.2840E+03
9.9435E+03
1.0547E+04
1.2813E+04
1.4099E+04
1.4791E+04
1.5151E+04
1.5382E+04
1.5321E+04
1.5136E+04
1.4895E+04
1.4626E+04
1.4345E+04
1.4061E+04
1.2705E+04
1.1530E+04
1.0532E+04
9.6823E+03
8.3208E+03
7.2846E+03
6.4735E+03
5.8234E+03
5.2919E+03
4.8502E+03
4.4779E+03
3.2520E+03
2.5745E+03
2.1460E+03
1.8503E+03
1.4675E+03
1.2291E+03
1.0654E+03
9.4575E+02
8.5419E+02
7.8178E+02
7.2301E+02
5.4158E+02
4.4763E+02
3.9022E+02
3.5162E+02
3.0335E+02
2.7477E+02
2.5619E+02
2.4339E+02
2.3419E+02
2.2740E+02
2.2222E+02

#276:11:53
4.5914E+03
5.1553E+03
6.2244E+03
7.2203E+03
8.1435E+03
8.9982E+03
9.7906E+03
1.0526E+04
1.1206E+04
1.3848E+04
1.5453E+04
1.6384E+04
1.6916E+04
1.7369E+04
1.7442E+04
1.7344E+04
1.7160E+04
1.6930E+04
1.6675E+04
1.6407E+04
1.5045E+04
1.3799E+04
1.2706E+04
1.1753E+04
1.0187E+04
8.9672E+03
7.9956E+03
7.2072E+03
6.5562E+03
6.0112E+03
5.5493E+03
4.0154E+03
3.1635E+03
2.6262E+03
2.2573E+03
1.7832E+03
1.4904E+03
1.2907E+03
1.1451E+03
1.0339E+03
9.4615E+02
8.7498E+02
6.5548E+02
5.4186E+02
4.7243E+02
4.2574E+02
3.6734E+02
3.3275E+02
3.1027E+02
2.9478E+02
2.8364E+02
2.7542E+02
2.6915E+02

#276:12:53
4.7537E+03
5.3178E+03
6.3962E+03
7.4137E+03
8.3663E+03
9.2554E+03
1.0085E+04
1.0859E+04
1.1581E+04
1.4455E+04
1.6279E+04
1.7373E+04
1.8018E+04
1.8598E+04
1.8727E+04
1.8654E+04
1.8479E+04
1.8250E+04
1.7990E+04
1.7716E+04
1.6313E+04
1.5026E+04
1.3895E+04
1.2907E+04
1.1277E+04
9.9981E+03
8.9727E+03
8.1344E+03
7.4376E+03
6.8507E+03
6.3500E+03
4.6625E+03
3.7049E+03
3.0916E+03
2.6660E+03
2.1135E+03
1.7695E+03
1.5336E+03
1.3613E+03
1.2296E+03
1.1255E+03
1.0410E+03
7.8020E+02
6.4511E+02
5.6252E+02
5.0698E+02
4.3749E+02
3.9634E+02
3.6958E+02
3.5114E+02
3.3789E+02
3.2810E+02
3.2063E+02

#276:13:53
4.9110E+03
5.4856E+03
6.5852E+03
7.6302E+03
8.6193E+03
9.5510E+03
1.0426E+04
1.1248E+04
1.2018E+04
1.5152E+04
1.7230E+04
1.8531E+04
1.9330E+04
2.0110E+04
2.0354E+04
2.0352E+04
2.0224E+04
2.0024E+04
1.9785E+04
1.9521E+04
1.8120E+04
1.6795E+04
1.5611E+04
1.4565E+04
1.2819E+04
1.1431E+04
1.0305E+04
9.3772E+03
8.6003E+03
7.9413E+03
7.3761E+03
5.4500E+03
4.3420E+03
3.6272E+03
3.1290E+03
2.4808E+03
2.0767E+03
1.7997E+03
1.5975E+03
1.4429E+03
1.3207E+03
1.2216E+03
9.1581E+02
7.5739E+02
6.6053E+02
5.9537E+02
5.1383E+02
4.6554E+02
4.3413E+02
4.1248E+02
3.9693E+02
3.8544E+02
3.7667E+02

#276:14:53
5.0697E+03
5.6529E+03
6.7700E+03
7.8376E+03
8.8564E+03
9.8229E+03
1.0736E+04
1.1597E+04
1.2409E+04
1.5773E+04
1.8090E+04
1.9594E+04
2.0549E+04
2.1535E+04
2.1900E+04
2.1975E+04
2.1896E+04
2.1730E+04
2.1513E+04
2.1265E+04
1.9878E+04
1.8525E+04
1.7298E+04
1.6202E+04
1.4354E+04
1.2867E+04
1.1651E+04
1.0640E+04
9.7876E+03
9.0607E+03
8.4341E+03
6.2756E+03
5.0169E+03
4.1981E+03
3.6247E+03
2.8758E+03
2.4078E+03
2.0868E+03
1.8523E+03
1.6731E+03
1.5315E+03
1.4167E+03
1.0623E+03
8.7870E+02
7.6644E+02
6.9091E+02
5.9637E+02
5.4036E+02
5.0394E+02
4.7883E+02
4.6078E+02
4.4746E+02
4.3728E+02

#276:15:53
5.2616E+03
5.8538E+03
6.9867E+03
8.0740E+03
9.1192E+03
1.0117E+04
1.1065E+04
1.1964E+04
1.2815E+04
1.6396E+04
1.8945E+04
2.0657E+04
2.1779E+04
2.2993E+04
2.3502E+04
2.3672E+04
2.3659E+04
2.3540E+04
2.3356E+04
2.3132E+04
2.1792E+04
2.0425E+04
1.9162E+04
1.8020E+04
1.6066E+04
1.4472E+04
1.3155E+04
1.2051E+04
1.1114E+04
1.0311E+04
9.6149E+03
7.1917E+03
5.7614E+03
4.8249E+03
4.1667E+03
3.3050E+03
2.7661E+03
2.3966E+03
2.1269E+03
1.9215E+03
1.7603E+03
1.6263E+03
1.2197E+03
1.0091E+03
8.8027E+02
7.9361E+02
6.8512E+02
6.2083E+02
5.7902E+02
5.5019E+02
5.2947E+02
5.1417E+02
5.0248E+02

#276:16:53
5.4129E+03
6.0193E+03
7.1761E+03
8.2871E+03
9.3600E+03
1.0390E+04
1.1373E+04
1.2308E+04
1.3196E+04
1.6986E+04
1.9762E+04
2.1683E+04
2.2976E+04
2.4431E+04
2.5091E+04
2.5363E+04
2.5421E+04
2.5354E+04
2.5208E+04
2.5013E+04
2.3734E+04
2.2366E+04
2.1074E+04
1.9891E+04
1.7840E+04
1.6146E+04
1.4731E+04
1.3536E+04
1.2516E+04
1.1636E+04
1.0869E+04
8.1727E+03
6.5617E+03
5.4997E+03
4.7505E+03
3.7671E+03
3.1514E+03
2.7293E+03
2.4215E+03
2.1866E+03
2.0012E+03
1.8509E+03
1.3881E+03
1.1485E+03
1.0020E+03
9.0348E+02
7.8008E+02
7.0695E+02
6.5938E+02
6.2657E+02
6.0299E+02
5.8558E+02
5.7229E+02

#276:17:53
5.6171E+03
6.2307E+03
7.3984E+03
8.5209E+03
9.6097E+03
1.0661E+04
1.1669E+04
1.2632E+04
1.3551E+04
1.7518E+04
2.0497E+04
2.2615E+04
2.4076E+04
2.5769E+04
2.6580E+04
2.6953E+04
2.7082E+04
2.7066E+04
2.6958E+04
2.6791E+04
2.5579E+04
2.4214E+04
2.2901E+04
2.1685E+04
1.9553E+04
1.7771E+04
1.6271E+04
1.4996E+04
1.3900E+04
1.2949E+04
1.2118E+04
9.1688E+03
7.3850E+03
6.2003E+03
5.3604E+03
4.2535E+03
3.5588E+03
3.0821E+03
2.7343E+03
2.4689E+03
2.2595E+03
2.0898E+03
1.5673E+03
1.2970E+03
1.1318E+03
1.0205E+03
8.8128E+02
7.9874E+02
7.4504E+02
7.0800E+02
6.8138E+02
6.6172E+02
6.4671E+02

#276:18:53
5.7158E+03
6.3394E+03
7.5204E+03
8.6525E+03
9.7528E+03
1.0820E+04
1.1849E+04
1.2836E+04
1.3780E+04
1.7904E+04
2.1070E+04
2.3375E+04
2.4999E+04
2.6928E+04
2.7889E+04
2.8361E+04
2.8559E+04
2.8592E+04
2.8521E+04
2.8381E+04
2.7228E+04
2.5869E+04
2.4541E+04
2.3299E+04
2.1103E+04
1.9255E+04
1.7686E+04
1.6346E+04
1.5190E+04
1.4183E+04
1.3300E+04
1.0137E+04
8.2021E+03
6.9062E+03
5.9819E+03
4.7570E+03
3.9841E+03
3.4523E+03
3.0636E+03
2.7668E+03
2.5324E+03
2.3425E+03
1.7573E+03
1.4546E+03
1.2694E+03
1.1448E+03
9.8872E+02
8.9620E+02
8.3601E+02
7.9448E+02
7.6464E+02
7.4259E+02
7.2575E+02
