133
0.001
0.0015
0.002
0.0025
0.003
0.004
0.005
0.006
0.007
0.008
0.009
0.010
0.0125
0.015
0.0175
0.020
0.0225
0.025
0.0275
0.030
0.035
0.040
0.045
0.050
0.055
0.060
0.065
0.070
0.075
0.080
0.085
0.090
0.095
0.100
0.125
0.150
0.175
0.200
0.225
0.250
0.275
0.30
0.35
0.40
0.45
0.50
0.55
0.60
0.65
0.70
0.75
0.80
0.85
0.90
0.95
1.00
1.25
1.50
1.75
2.00
2.25
2.50
2.75
3.0
3.5
4.0
4.5
5.0
5.5
6.0
6.5
7.0
7.5
8.0
8.5
9.0
9.5
10.0
12.5
15.0
17.5
20.0
22.5
25.0
27.5
30.0
35.0
40.0
45.0
50.0
55.0
60.0
65.0
70.0
75.0
80.0
85.0
90.0
95.0
100.0
125.0
150.0
175.0
200.0
225.0
250.0
275.0
300.0
350.0
400.0
450.0
500.0
550.0
600.0
650.0
700.0
750.0
800.0
850.0
900.0
950.0
1000.0
1500.0
2000.0
2500.0
3000.0
4000.0
5000.0
6000.0
7000.0
8000.0
9000.0
10000.0
