#104:2:49
8.750000E+01
1.086000E+02
1.267000E+02
1.573000E+02
1.835000E+02
2.067000E+02
2.279000E+02
2.659000E+02
2.996000E+02
3.723000E+02
4.343000E+02
5.395000E+02
6.290000E+02
7.081000E+02
7.798000E+02
9.068000E+02
1.018000E+03
1.247000E+03
1.429000E+03
1.693000E+03
1.861000E+03
1.961000E+03
2.008000E+03
2.002000E+03
1.922000E+03
1.626000E+03
1.381000E+03
1.071000E+03
8.858000E+02
7.606000E+02
6.696000E+02
5.453000E+02
4.634000E+02
3.423000E+02
2.747000E+02
2.001000E+02
1.593000E+02
1.332000E+02
1.150000E+02
9.119000E+01
7.614000E+01
5.493000E+01
4.369000E+01
3.184000E+01
2.563000E+01
2.179000E+01
1.917000E+01
1.583000E+01
1.379000E+01
#276:2:49
9.891000E+01
1.228000E+02
1.431000E+02
1.776000E+02
2.069000E+02
2.330000E+02
2.568000E+02
2.993000E+02
3.370000E+02
4.181000E+02
4.871000E+02
6.039000E+02
7.030000E+02
7.905000E+02
8.696000E+02
1.009000E+03
1.131000E+03
1.383000E+03
1.582000E+03
1.873000E+03
2.062000E+03
2.178000E+03
2.240000E+03
2.256000E+03
2.190000E+03
1.877000E+03
1.599000E+03
1.239000E+03
1.021000E+03
8.747000E+02
7.687000E+02
6.239000E+02
5.290000E+02
3.894000E+02
3.118000E+02
2.267000E+02
1.802000E+02
1.506000E+02
1.300000E+02
1.030000E+02
8.593000E+01
6.194000E+01
4.923000E+01
3.586000E+01
2.885000E+01
2.452000E+01
2.156000E+01
1.780000E+01
1.550000E+01
#906:2:49
1.923000E+02
2.289000E+02
2.590000E+02
3.083000E+02
3.489000E+02
3.840000E+02
4.153000E+02
4.699000E+02
5.170000E+02
6.151000E+02
6.955000E+02
8.262000E+02
9.327000E+02
1.024000E+03
1.104000E+03
1.240000E+03
1.354000E+03
1.574000E+03
1.731000E+03
1.929000E+03
2.027000E+03
2.063000E+03
2.060000E+03
1.993000E+03
1.891000E+03
1.615000E+03
1.387000E+03
1.085000E+03
8.982000E+02
7.720000E+02
6.804000E+02
5.544000E+02
4.712000E+02
3.478000E+02
2.788000E+02
2.028000E+02
1.612000E+02
1.348000E+02
1.163000E+02
9.214000E+01
7.689000E+01
5.543000E+01
4.405000E+01
3.209000E+01
2.581000E+01
2.193000E+01
1.928000E+01
1.591000E+01
1.384000E+01
