#104:6:57
1.188000E+02
1.475000E+02
1.720000E+02
2.135000E+02
2.504000E+02
2.801000E+02
3.091000E+02
3.605000E+02
4.061000E+02
5.045000E+02
5.885000E+02
7.312000E+02
8.530000E+02
9.614000E+02
1.060000E+03
1.237000E+03
1.394000E+03
1.733000E+03
2.023000E+03
2.517000E+03
2.939000E+03
3.312000E+03
3.648000E+03
4.235000E+03
4.727000E+03
5.637000E+03
6.191000E+03
6.631000E+03
6.573000E+03
6.379000E+03
6.178000E+03
5.822000E+03
5.525000E+03
4.915000E+03
4.425000E+03
3.679000E+03
3.155000E+03
2.754000E+03
2.425000E+03
1.948000E+03
1.639000E+03
1.191000E+03
9.467000E+02
6.839000E+02
5.430000E+02
4.545000E+02
3.935000E+02
3.143000E+02
2.651000E+02
1.967000E+02
1.612000E+02
1.247000E+02
1.062000E+02
9.506000E+01
8.777000E+01
7.896000E+01
7.402000E+01
#276:6:57
1.421000E+02
1.773000E+02
2.075000E+02
2.589000E+02
3.047000E+02
3.416000E+02
3.776000E+02
4.412000E+02
4.975000E+02
6.183000E+02
7.207000E+02
8.930000E+02
1.038000E+03
1.166000E+03
1.281000E+03
1.488000E+03
1.676000E+03
2.099000E+03
2.476000E+03
3.131000E+03
3.696000E+03
4.198000E+03
4.652000E+03
5.446000E+03
6.116000E+03
7.364000E+03
8.139000E+03
8.791000E+03
8.708000E+03
8.372000E+03
8.029000E+03
7.422000E+03
6.926000E+03
5.980000E+03
5.284000E+03
4.297000E+03
3.627000E+03
3.134000E+03
2.750000E+03
2.207000E+03
1.855000E+03
1.346000E+03
1.069000E+03
7.717000E+02
6.124000E+02
5.123000E+02
4.434000E+02
3.540000E+02
2.984000E+02
2.213000E+02
1.813000E+02
1.402000E+02
1.193000E+02
1.068000E+02
9.860000E+01
8.867000E+01
8.311000E+01
#906:6:57
3.092000E+02
3.701000E+02
4.204000E+02
5.032000E+02
5.748000E+02
6.302000E+02
6.836000E+02
7.755000E+02
8.546000E+02
1.019000E+03
1.153000E+03
1.370000E+03
1.546000E+03
1.696000E+03
1.829000E+03
2.062000E+03
2.268000E+03
2.719000E+03
3.106000E+03
3.747000E+03
4.269000E+03
4.709000E+03
5.089000E+03
5.711000E+03
6.192000E+03
6.973000E+03
7.368000E+03
7.591000E+03
7.475000E+03
7.227000E+03
6.964000E+03
6.484000E+03
6.077000E+03
5.278000E+03
4.685000E+03
3.827000E+03
3.240000E+03
2.801000E+03
2.458000E+03
1.973000E+03
1.659000E+03
1.204000E+03
9.567000E+02
6.905000E+02
5.480000E+02
4.585000E+02
3.967000E+02
3.168000E+02
2.670000E+02
1.980000E+02
1.621000E+02
1.251000E+02
1.064000E+02
9.506000E+01
8.759000E+01
7.848000E+01
7.322000E+01
