#104:-1:49
1.025000E+02
7.903000E+01
6.501000E+01
4.879000E+01
3.954000E+01
3.348000E+01
2.918000E+01
2.344000E+01
1.975000E+01
1.444000E+01
1.157000E+01
8.491000E+00
6.848000E+00
5.818000E+00
5.110000E+00
4.197000E+00
3.633000E+00
2.861000E+00
2.469000E+00
2.084000E+00
1.902000E+00
1.802000E+00
1.743000E+00
1.683000E+00
1.661000E+00
1.661000E+00
1.684000E+00
1.740000E+00
1.790000E+00
1.833000E+00
1.870000E+00
1.931000E+00
1.979000E+00
2.069000E+00
2.134000E+00
2.226000E+00
2.282000E+00
2.319000E+00
2.347000E+00
2.387000E+00
2.417000E+00
2.468000E+00
2.502000E+00
2.550000E+00
2.582000E+00
2.606000E+00
2.625000E+00
2.653000E+00
2.674000E+00
#276:-1:49
1.181000E+02
9.063000E+01
7.436000E+01
5.563000E+01
4.500000E+01
3.806000E+01
3.315000E+01
2.659000E+01
2.239000E+01
1.635000E+01
1.308000E+01
9.591000E+00
7.729000E+00
6.564000E+00
5.763000E+00
4.731000E+00
4.093000E+00
3.221000E+00
2.779000E+00
2.344000E+00
2.138000E+00
2.025000E+00
1.956000E+00
1.880000E+00
1.845000E+00
1.819000E+00
1.821000E+00
1.844000E+00
1.869000E+00
1.891000E+00
1.910000E+00
1.942000E+00
1.967000E+00
2.013000E+00
2.045000E+00
2.088000E+00
2.117000E+00
2.139000E+00
2.156000E+00
2.182000E+00
2.202000E+00
2.238000E+00
2.263000E+00
2.298000E+00
2.322000E+00
2.341000E+00
2.357000E+00
2.382000E+00
2.401000E+00
#906:-1:49
1.048000E+02
8.057000E+01
6.617000E+01
4.956000E+01
4.012000E+01
3.395000E+01
2.958000E+01
2.374000E+01
1.999000E+01
1.460000E+01
1.169000E+01
8.572000E+00
6.908000E+00
5.866000E+00
5.150000E+00
4.226000E+00
3.654000E+00
2.871000E+00
2.473000E+00
2.076000E+00
1.886000E+00
1.778000E+00
1.712000E+00
1.640000E+00
1.606000E+00
1.582000E+00
1.586000E+00
1.609000E+00
1.634000E+00
1.656000E+00
1.675000E+00
1.706000E+00
1.729000E+00
1.770000E+00
1.797000E+00
1.832000E+00
1.856000E+00
1.874000E+00
1.888000E+00
1.911000E+00
1.928000E+00
1.960000E+00
1.982000E+00
2.013000E+00
2.035000E+00
2.052000E+00
2.066000E+00
2.089000E+00
2.106000E+00
