#104:1:57
1.197000E+02
1.467000E+02
1.693000E+02
2.074000E+02
2.395000E+02
2.678000E+02
2.933000E+02
3.387000E+02
3.787000E+02
4.504000E+02
5.067000E+02
5.905000E+02
6.483000E+02
6.877000E+02
7.132000E+02
7.341000E+02
7.290000E+02
6.672000E+02
5.922000E+02
4.765000E+02
4.012000E+02
3.498000E+02
3.121000E+02
2.587000E+02
2.227000E+02
1.682000E+02
1.370000E+02
1.017000E+02
8.192000E+01
6.905000E+01
5.994000E+01
4.781000E+01
4.004000E+01
2.892000E+01
2.293000E+01
1.652000E+01
1.312000E+01
1.098000E+01
9.514000E+00
7.618000E+00
6.441000E+00
4.815000E+00
3.975000E+00
3.117000E+00
2.686000E+00
2.431000E+00
2.265000E+00
2.069000E+00
1.962000E+00
1.850000E+00
1.820000E+00
1.828000E+00
1.861000E+00
1.898000E+00
1.934000E+00
1.998000E+00
2.052000E+00
#276:1:57
1.337000E+02
1.638000E+02
1.891000E+02
2.316000E+02
2.675000E+02
2.990000E+02
3.276000E+02
3.782000E+02
4.229000E+02
5.036000E+02
5.673000E+02
6.628000E+02
7.290000E+02
7.740000E+02
8.026000E+02
8.241000E+02
8.145000E+02
7.360000E+02
6.585000E+02
5.435000E+02
4.643000E+02
4.065000E+02
3.624000E+02
2.997000E+02
2.574000E+02
1.934000E+02
1.569000E+02
1.160000E+02
9.319000E+01
7.842000E+01
6.801000E+01
5.417000E+01
4.532000E+01
3.269000E+01
2.589000E+01
1.864000E+01
1.479000E+01
1.238000E+01
1.072000E+01
8.578000E+00
7.250000E+00
5.417000E+00
4.470000E+00
3.504000E+00
3.018000E+00
2.731000E+00
2.544000E+00
2.323000E+00
2.203000E+00
2.065000E+00
2.017000E+00
1.998000E+00
2.010000E+00
2.029000E+00
2.050000E+00
2.090000E+00
2.124000E+00
#906:1:57
1.185000E+02
1.451000E+02
1.676000E+02
2.053000E+02
2.370000E+02
2.650000E+02
2.903000E+02
3.352000E+02
3.748000E+02
4.353000E+02
4.811000E+02
5.503000E+02
6.110000E+02
6.630000E+02
6.976000E+02
7.267000E+02
7.266000E+02
6.712000E+02
5.986000E+02
4.833000E+02
4.071000E+02
3.546000E+02
3.159000E+02
2.624000E+02
2.261000E+02
1.711000E+02
1.394000E+02
1.035000E+02
8.326000E+01
7.010000E+01
6.081000E+01
4.845000E+01
4.055000E+01
2.925000E+01
2.317000E+01
1.668000E+01
1.323000E+01
1.107000E+01
9.591000E+00
7.675000E+00
6.486000E+00
4.843000E+00
3.994000E+00
3.125000E+00
2.687000E+00
2.426000E+00
2.255000E+00
2.050000E+00
1.936000E+00
1.806000E+00
1.760000E+00
1.744000E+00
1.756000E+00
1.775000E+00
1.796000E+00
1.834000E+00
1.868000E+00
