#104:-2:49
1.235000E+02
9.305000E+01
7.551000E+01
5.576000E+01
4.475000E+01
3.764000E+01
3.264000E+01
2.601000E+01
2.179000E+01
1.578000E+01
1.256000E+01
9.125000E+00
7.306000E+00
6.171000E+00
5.393000E+00
4.393000E+00
3.776000E+00
2.935000E+00
2.510000E+00
2.091000E+00
1.893000E+00
1.784000E+00
1.719000E+00
1.652000E+00
1.626000E+00
1.621000E+00
1.642000E+00
1.695000E+00
1.744000E+00
1.786000E+00
1.823000E+00
1.883000E+00
1.931000E+00
2.020000E+00
2.085000E+00
2.176000E+00
2.232000E+00
2.269000E+00
2.297000E+00
2.337000E+00
2.367000E+00
2.418000E+00
2.452000E+00
2.500000E+00
2.532000E+00
2.556000E+00
2.575000E+00
2.603000E+00
2.624000E+00
#276:-2:49
1.415000E+02
1.062000E+02
8.603000E+01
6.339000E+01
5.080000E+01
4.268000E+01
3.699000E+01
2.945000E+01
2.466000E+01
1.784000E+01
1.418000E+01
1.030000E+01
8.239000E+00
6.956000E+00
6.077000E+00
4.948000E+00
4.252000E+00
3.303000E+00
2.824000E+00
2.352000E+00
2.128000E+00
2.005000E+00
1.930000E+00
1.846000E+00
1.806000E+00
1.774000E+00
1.774000E+00
1.794000E+00
1.817000E+00
1.838000E+00
1.857000E+00
1.888000E+00
1.913000E+00
1.958000E+00
1.990000E+00
2.033000E+00
2.062000E+00
2.084000E+00
2.101000E+00
2.127000E+00
2.147000E+00
2.182000E+00
2.207000E+00
2.242000E+00
2.266000E+00
2.286000E+00
2.301000E+00
2.326000E+00
2.345000E+00
#906:-2:49
1.258000E+02
9.460000E+01
7.667000E+01
5.654000E+01
4.533000E+01
3.811000E+01
3.303000E+01
2.631000E+01
2.203000E+01
1.594000E+01
1.268000E+01
9.206000E+00
7.366000E+00
6.219000E+00
5.432000E+00
4.421000E+00
3.797000E+00
2.945000E+00
2.513000E+00
2.083000E+00
1.877000E+00
1.760000E+00
1.688000E+00
1.609000E+00
1.571000E+00
1.542000E+00
1.543000E+00
1.564000E+00
1.588000E+00
1.609000E+00
1.628000E+00
1.658000E+00
1.681000E+00
1.721000E+00
1.747000E+00
1.782000E+00
1.806000E+00
1.824000E+00
1.838000E+00
1.861000E+00
1.878000E+00
1.910000E+00
1.932000E+00
1.963000E+00
1.985000E+00
2.002000E+00
2.016000E+00
2.038000E+00
2.055000E+00
