133
0.0010    
0.0015   
0.0020   
0.0025   
0.0030   
0.0040   
0.0050   
0.0060    
0.0070   
0.0080   
0.0090   
0.0100   
0.0125   
0.0150  
0.0175    
0.0200   
0.0225   
0.0250   
0.0275   
0.0300   
0.0350  
0.0400    
0.0450   
0.0500   
0.0550   
0.0600   
0.0650   
0.0700  
0.0750    
0.0800   
0.0850   
0.0900   
0.0950   
0.1000   
0.1250  
0.1500    
0.1750   
0.2000   
0.2250   
0.2500   
0.2750   
0.3000  
0.3500    
0.4000   
0.4500   
0.5000   
0.5500   
0.6000   
0.6500   
0.7000    
0.7500   
0.8000   
0.8500   
0.9000   
0.9500   
1.0000
1.2500    
1.5000   
1.7500   
2.0000   
2.2500   
2.5000   
2.7500  
3.0000    
3.5000   
4.0000   
4.5000   
5.0000   
5.5000   
6.0000  
6.5000    
7.0000   
7.5000   
8.0000   
8.5000   
9.0000   
9.5000 
10.0000   
12.5000  
15.0000  
17.5000  
20.0000  
22.5000  
25.0000 
27.5000   
30.0000  
35.0000  
40.0000  
45.0000  
50.0000  
55.0000 
60.0000   
65.0000  
70.0000  
75.0000  
80.0000  
85.0000  
90.0000 
95.0000  
100.     
125.     
150.     
175.     
200.     
225.
250.      
275.     
300.     
350.     
400.     
450.     
500.
550.      
600.     
650.     
700.     
750.     
800.     
850.
900.      
950.    
1000.    
1500.    
2000.    
2500.    
3000.    
4000.     
5000.    
6000.    
7000.    
8000.    
9000.   
10000.