132
1.000000E-03
1.500000E-03
2.000000E-03
2.500000E-03
3.000000E-03
4.000000E-03
5.000000E-03
6.000000E-03
7.000000E-03
8.000000E-03
9.000000E-03
1.000000E-02
1.250000E-02
1.500000E-02
1.750000E-02
2.000000E-02
2.250000E-02
2.500000E-02
2.750000E-02
3.000000E-02
3.500000E-02
4.000000E-02
4.500000E-02
5.000000E-02
5.500000E-02
6.000000E-02
6.500000E-02
7.000000E-02
7.500000E-02
8.000000E-02
8.500000E-02
9.000000E-02
9.500000E-02
1.000000E-01
1.250000E-01
1.500000E-01
1.750000E-01
2.000000E-01
2.250000E-01
2.500000E-01
2.750000E-01
3.000000E-01
3.500000E-01
4.000000E-01
4.500000E-01
5.000000E-01
5.500000E-01
6.000000E-01
6.500000E-01
7.000000E-01
7.500000E-01
8.000000E-01
8.500000E-01
9.000000E-01
9.500000E-01
1.000000E+00
1.250000E+00
1.500000E+00
1.750000E+00
2.000000E+00
2.250000E+00
2.500000E+00
2.750000E+00
3.000000E+00
3.500000E+00
4.000000E+00
4.500000E+00
5.000000E+00
5.500000E+00
6.000000E+00
6.500000E+00
7.000000E+00
7.500000E+00
8.000000E+00
8.500000E+00
9.000000E+00
9.500000E+00
1.000000E+01
1.250000E+01
1.500000E+01
1.750000E+01
2.000000E+01
2.250000E+01
2.500000E+01
2.750000E+01
3.000000E+01
3.500000E+01
4.000000E+01
4.500000E+01
5.000000E+01
5.500000E+01
6.000000E+01
6.500000E+01
7.000000E+01
7.500000E+01
8.000000E+01
8.500000E+01
9.000000E+01
9.500000E+01
1.000000E+02
1.250000E+02
1.500000E+02
1.750000E+02
2.000000E+02
2.250000E+02
2.500000E+02
2.750000E+02
3.000000E+02
3.500000E+02
4.000000E+02
4.500000E+02
5.000000E+02
5.500000E+02
6.000000E+02
6.500000E+02
7.000000E+02
7.500000E+02
8.000000E+02
8.500000E+02
9.000000E+02
9.500000E+02
1.000000E+03
1.250000E+03
1.500000E+03
1.750000E+03
2.000000E+03
2.250000E+03
2.500000E+03
2.750000E+03
3.000000E+03
3.500000E+03
4.000000E+03