#1:2:122
2.120E+02
2.754E+02
3.317E+02
3.830E+02
4.309E+02
5.188E+02
5.992E+02
6.740E+02
7.445E+02
8.115E+02
8.756E+02
9.371E+02
1.082E+03
1.217E+03
1.344E+03
1.465E+03
1.580E+03
1.691E+03
1.798E+03
1.901E+03
2.098E+03
2.285E+03
2.463E+03
2.634E+03
2.798E+03
2.956E+03
3.108E+03
3.256E+03
3.399E+03
3.538E+03
3.674E+03
3.805E+03
3.933E+03
4.058E+03
4.637E+03
5.152E+03
5.610E+03
6.019E+03
6.383E+03
6.705E+03
6.988E+03
7.235E+03
7.632E+03
7.915E+03
8.100E+03
8.203E+03
8.240E+03
8.222E+03
8.161E+03
8.067E+03
7.947E+03
7.808E+03
7.655E+03
7.494E+03
7.327E+03
7.157E+03
6.345E+03
5.647E+03
5.068E+03
4.588E+03
4.188E+03
3.860E+03
3.585E+03
3.351E+03
2.971E+03
2.675E+03
2.438E+03
2.242E+03
2.078E+03
1.939E+03
1.818E+03
1.713E+03
1.620E+03
1.538E+03
1.464E+03
1.398E+03
1.337E+03
1.283E+03
1.068E+03
9.191E+02
8.089E+02
7.238E+02
6.561E+02
6.007E+02
5.546E+02
5.156E+02
4.529E+02
4.047E+02
3.665E+02
3.353E+02
3.094E+02
2.875E+02
2.687E+02
2.524E+02
2.382E+02
2.256E+02
2.144E+02
2.043E+02
1.952E+02
1.870E+02
1.552E+02
1.334E+02
1.174E+02
1.053E+02
9.568E+01
8.790E+01
8.146E+01
7.604E+01
6.741E+01
6.085E+01
5.568E+01
5.151E+01
4.807E+01
4.517E+01
4.271E+01
4.059E+01
3.875E+01
3.713E+01
3.569E+01
3.441E+01
3.327E+01
3.223E+01

#2:2:122
8.726E+01
1.108E+02
1.313E+02
1.498E+02
1.668E+02
1.977E+02
2.255E+02
2.511E+02
2.750E+02
2.975E+02
3.189E+02
3.394E+02
3.870E+02
4.309E+02
4.718E+02
5.104E+02
5.470E+02
5.819E+02
6.153E+02
6.475E+02
7.087E+02
7.661E+02
8.205E+02
8.723E+02
9.218E+02
9.693E+02
1.015E+03
1.059E+03
1.102E+03
1.143E+03
1.183E+03
1.221E+03
1.259E+03
1.296E+03
1.465E+03
1.614E+03
1.748E+03
1.867E+03
1.975E+03
2.071E+03
2.156E+03
2.233E+03
2.361E+03
2.460E+03
2.535E+03
2.588E+03
2.624E+03
2.644E+03
2.652E+03
2.650E+03
2.639E+03
2.621E+03
2.598E+03
2.571E+03
2.540E+03
2.507E+03
2.323E+03
2.139E+03
1.976E+03
1.832E+03
1.706E+03
1.593E+03
1.493E+03
1.402E+03
1.249E+03
1.130E+03
1.033E+03
9.538E+02
8.868E+02
8.295E+02
7.798E+02
7.364E+02
6.979E+02
6.637E+02
6.329E+02
6.052E+02
5.800E+02
5.570E+02
4.666E+02
4.033E+02
3.562E+02
3.197E+02
2.905E+02
2.666E+02
2.466E+02
2.296E+02
2.023E+02
1.812E+02
1.644E+02
1.507E+02
1.393E+02
1.296E+02
1.213E+02
1.141E+02
1.077E+02
1.021E+02
9.712E+01
9.264E+01
8.859E+01
8.492E+01
7.066E+01
6.087E+01
5.370E+01
4.821E+01
4.387E+01
4.034E+01
3.743E+01
3.497E+01
3.105E+01
2.806E+01
2.570E+01
2.380E+01
2.222E+01
2.090E+01
1.977E+01
1.880E+01
1.796E+01
1.722E+01
1.656E+01
1.597E+01
1.545E+01
1.497E+01

#4:2:122
1.463E+02
1.771E+02
2.029E+02
2.254E+02
2.456E+02
2.813E+02
3.125E+02
3.406E+02
3.662E+02
3.900E+02
4.122E+02
4.332E+02
4.811E+02
5.241E+02
5.633E+02
5.997E+02
6.336E+02
6.654E+02
6.956E+02
7.242E+02
7.777E+02
8.270E+02
8.727E+02
9.155E+02
9.557E+02
9.937E+02
1.030E+03
1.064E+03
1.096E+03
1.128E+03
1.157E+03
1.186E+03
1.213E+03
1.239E+03
1.356E+03
1.453E+03
1.534E+03
1.602E+03
1.659E+03
1.706E+03
1.745E+03
1.776E+03
1.821E+03
1.846E+03
1.856E+03
1.855E+03
1.845E+03
1.829E+03
1.809E+03
1.785E+03
1.759E+03
1.732E+03
1.703E+03
1.675E+03
1.645E+03
1.617E+03
1.499E+03
1.406E+03
1.326E+03
1.254E+03
1.189E+03
1.129E+03
1.075E+03
1.024E+03
9.353E+02
8.587E+02
7.929E+02
7.376E+02
6.900E+02
6.487E+02
6.125E+02
5.804E+02
5.520E+02
5.264E+02
5.033E+02
4.824E+02
4.633E+02
4.458E+02
3.763E+02
3.270E+02
2.900E+02
2.610E+02
2.378E+02
2.187E+02
2.026E+02
1.889E+02
1.669E+02
1.498E+02
1.361E+02
1.249E+02
1.156E+02
1.077E+02
1.009E+02
9.493E+01
8.972E+01
8.511E+01
8.099E+01
7.730E+01
7.396E+01
7.092E+01
5.914E+01
5.101E+01
4.505E+01
4.049E+01
3.687E+01
3.393E+01
3.150E+01
2.944E+01
2.616E+01
2.366E+01
2.168E+01
2.008E+01
1.876E+01
1.765E+01
1.670E+01
1.589E+01
1.517E+01
1.455E+01
1.399E+01
1.350E+01
1.305E+01
1.265E+01

#6:2:122
1.906E+02
2.256E+02
2.543E+02
2.790E+02
3.009E+02
3.392E+02
3.721E+02
4.014E+02
4.279E+02
4.523E+02
4.750E+02
4.962E+02
5.443E+02
5.869E+02
6.255E+02
6.610E+02
6.938E+02
7.246E+02
7.535E+02
7.808E+02
8.315E+02
8.779E+02
9.208E+02
9.606E+02
9.980E+02
1.033E+03
1.066E+03
1.098E+03
1.128E+03
1.156E+03
1.184E+03
1.210E+03
1.235E+03
1.259E+03
1.366E+03
1.455E+03
1.531E+03
1.595E+03
1.650E+03
1.698E+03
1.738E+03
1.772E+03
1.825E+03
1.862E+03
1.886E+03
1.900E+03
1.906E+03
1.906E+03
1.901E+03
1.892E+03
1.880E+03
1.866E+03
1.850E+03
1.833E+03
1.814E+03
1.795E+03
1.684E+03
1.571E+03
1.466E+03
1.372E+03
1.288E+03
1.213E+03
1.145E+03
1.085E+03
9.819E+02
8.982E+02
8.296E+02
7.720E+02
7.229E+02
6.804E+02
6.431E+02
6.102E+02
5.808E+02
5.544E+02
5.306E+02
5.090E+02
4.892E+02
4.712E+02
3.992E+02
3.478E+02
3.091E+02
2.788E+02
2.543E+02
2.342E+02
2.172E+02
2.028E+02
1.794E+02
1.612E+02
1.467E+02
1.348E+02
1.248E+02
1.163E+02
1.090E+02
1.027E+02
9.709E+01
9.214E+01
8.772E+01
8.375E+01
8.016E+01
7.690E+01
6.420E+01
5.543E+01
4.899E+01
4.406E+01
4.014E+01
3.696E+01
3.432E+01
3.209E+01
2.853E+01
2.581E+01
2.367E+01
2.193E+01
2.049E+01
1.928E+01
1.825E+01
1.736E+01
1.659E+01
1.590E+01
1.530E+01
1.476E+01
1.428E+01
1.384E+01

#906:2:122
1.923E+02
2.289E+02
2.590E+02
2.851E+02
3.083E+02
3.489E+02
3.840E+02
4.153E+02
4.437E+02
4.699E+02
4.942E+02
5.170E+02
5.689E+02
6.151E+02
6.570E+02
6.955E+02
7.313E+02
7.648E+02
7.963E+02
8.262E+02
8.818E+02
9.327E+02
9.798E+02
1.024E+03
1.065E+03
1.104E+03
1.141E+03
1.175E+03
1.209E+03
1.240E+03
1.271E+03
1.300E+03
1.327E+03
1.354E+03
1.473E+03
1.574E+03
1.658E+03
1.731E+03
1.793E+03
1.845E+03
1.890E+03
1.929E+03
1.987E+03
2.027E+03
2.051E+03
2.063E+03
2.065E+03
2.060E+03
2.049E+03
2.034E+03
2.015E+03
1.993E+03
1.969E+03
1.944E+03
1.917E+03
1.891E+03
1.751E+03
1.620E+03
1.502E+03
1.400E+03
1.310E+03
1.231E+03
1.161E+03
1.099E+03
9.943E+02
9.090E+02
8.392E+02
7.807E+02
7.308E+02
6.876E+02
6.498E+02
6.164E+02
5.866E+02
5.598E+02
5.357E+02
5.138E+02
4.938E+02
4.755E+02
4.027E+02
3.507E+02
3.116E+02
2.809E+02
2.563E+02
2.359E+02
2.188E+02
2.042E+02
1.807E+02
1.623E+02
1.477E+02
1.357E+02
1.256E+02
1.171E+02
1.097E+02
1.033E+02
9.768E+01
9.270E+01
8.825E+01
8.425E+01
8.063E+01
7.735E+01
6.456E+01
5.574E+01
4.926E+01
4.429E+01
4.035E+01
3.715E+01
3.449E+01
3.225E+01
2.867E+01
2.594E+01
2.378E+01
2.203E+01
2.059E+01
1.937E+01
1.834E+01
1.744E+01
1.666E+01
1.598E+01
1.537E+01
1.483E+01
1.434E+01
1.391E+01

#7:2:122
8.280E+01
1.037E+02
1.216E+02
1.377E+02
1.523E+02
1.787E+02
2.023E+02
2.238E+02
2.438E+02
2.625E+02
2.802E+02
2.971E+02
3.362E+02
3.720E+02
4.051E+02
4.362E+02
4.655E+02
4.934E+02
5.201E+02
5.457E+02
5.941E+02
6.393E+02
6.820E+02
7.225E+02
7.610E+02
7.979E+02
8.334E+02
8.674E+02
9.003E+02
9.320E+02
9.628E+02
9.925E+02
1.021E+03
1.049E+03
1.179E+03
1.293E+03
1.395E+03
1.486E+03
1.567E+03
1.640E+03
1.706E+03
1.765E+03
1.864E+03
1.940E+03
1.999E+03
2.041E+03
2.069E+03
2.086E+03
2.093E+03
2.091E+03
2.083E+03
2.069E+03
2.051E+03
2.030E+03
2.005E+03
1.978E+03
1.819E+03
1.660E+03
1.522E+03
1.406E+03
1.308E+03
1.224E+03
1.151E+03
1.088E+03
9.829E+02
8.985E+02
8.295E+02
7.711E+02
7.213E+02
6.785E+02
6.410E+02
6.080E+02
5.786E+02
5.523E+02
5.285E+02
5.069E+02
4.872E+02
4.691E+02
3.973E+02
3.462E+02
3.078E+02
2.777E+02
2.534E+02
2.333E+02
2.165E+02
2.021E+02
1.789E+02
1.608E+02
1.463E+02
1.344E+02
1.245E+02
1.161E+02
1.088E+02
1.025E+02
9.690E+01
9.197E+01
8.756E+01
8.360E+01
8.002E+01
7.677E+01
6.410E+01
5.536E+01
4.894E+01
4.401E+01
4.011E+01
3.693E+01
3.429E+01
3.207E+01
2.852E+01
2.581E+01
2.367E+01
2.193E+01
2.050E+01
1.930E+01
1.827E+01
1.738E+01
1.661E+01
1.593E+01
1.533E+01
1.479E+01
1.431E+01
1.388E+01

#8:2:122
1.058E+02
1.283E+02
1.471E+02
1.636E+02
1.784E+02
2.046E+02
2.275E+02
2.481E+02
2.670E+02
2.845E+02
3.009E+02
3.163E+02
3.518E+02
3.836E+02
4.127E+02
4.398E+02
4.650E+02
4.889E+02
5.115E+02
5.330E+02
5.733E+02
6.106E+02
6.455E+02
6.783E+02
7.094E+02
7.389E+02
7.671E+02
7.941E+02
8.200E+02
8.450E+02
8.690E+02
8.923E+02
9.147E+02
9.365E+02
1.036E+03
1.124E+03
1.202E+03
1.272E+03
1.335E+03
1.392E+03
1.444E+03
1.491E+03
1.573E+03
1.639E+03
1.693E+03
1.735E+03
1.768E+03
1.792E+03
1.808E+03
1.818E+03
1.821E+03
1.820E+03
1.814E+03
1.805E+03
1.792E+03
1.777E+03
1.667E+03
1.544E+03
1.430E+03
1.329E+03
1.241E+03
1.164E+03
1.097E+03
1.038E+03
9.395E+02
8.602E+02
7.947E+02
7.395E+02
6.924E+02
6.519E+02
6.161E+02
5.845E+02
5.564E+02
5.313E+02
5.086E+02
4.880E+02
4.692E+02
4.520E+02
3.834E+02
3.345E+02
2.977E+02
2.688E+02
2.456E+02
2.263E+02
2.101E+02
1.963E+02
1.739E+02
1.564E+02
1.424E+02
1.309E+02
1.213E+02
1.131E+02
1.061E+02
9.997E+01
9.457E+01
8.979E+01
8.551E+01
8.166E+01
7.818E+01
7.502E+01
6.270E+01
5.418E+01
4.792E+01
4.311E+01
3.930E+01
3.620E+01
3.363E+01
3.145E+01
2.798E+01
2.533E+01
2.323E+01
2.154E+01
2.013E+01
1.895E+01
1.795E+01
1.708E+01
1.632E+01
1.566E+01
1.507E+01
1.454E+01
1.407E+01
1.365E+01

#10:2:122
6.873E+01
8.370E+01
9.626E+01
1.073E+02
1.172E+02
1.348E+02
1.503E+02
1.642E+02
1.770E+02
1.888E+02
1.999E+02
2.104E+02
2.345E+02
2.562E+02
2.761E+02
2.946E+02
3.119E+02
3.283E+02
3.438E+02
3.586E+02
3.863E+02
4.120E+02
4.361E+02
4.588E+02
4.803E+02
5.008E+02
5.203E+02
5.391E+02
5.571E+02
5.745E+02
5.912E+02
6.075E+02
6.232E+02
6.384E+02
7.084E+02
7.703E+02
8.256E+02
8.757E+02
9.212E+02
9.628E+02
1.001E+03
1.036E+03
1.098E+03
1.150E+03
1.194E+03
1.230E+03
1.260E+03
1.285E+03
1.304E+03
1.319E+03
1.330E+03
1.338E+03
1.343E+03
1.344E+03
1.344E+03
1.341E+03
1.296E+03
1.229E+03
1.160E+03
1.095E+03
1.035E+03
9.814E+02
9.326E+02
8.885E+02
8.121E+02
7.483E+02
6.956E+02
6.504E+02
6.113E+02
5.770E+02
5.468E+02
5.200E+02
4.960E+02
4.744E+02
4.548E+02
4.370E+02
4.207E+02
4.057E+02
3.458E+02
3.028E+02
2.703E+02
2.447E+02
2.240E+02
2.068E+02
1.923E+02
1.800E+02
1.598E+02
1.441E+02
1.315E+02
1.210E+02
1.123E+02
1.049E+02
9.843E+01
9.283E+01
8.789E+01
8.350E+01
7.958E+01
7.605E+01
7.285E+01
6.995E+01
5.859E+01
5.072E+01
4.492E+01
4.046E+01
3.692E+01
3.403E+01
3.163E+01
2.961E+01
2.637E+01
2.389E+01
2.193E+01
2.034E+01
1.902E+01
1.792E+01
1.697E+01
1.616E+01
1.545E+01
1.482E+01
1.427E+01
1.378E+01
1.333E+01
1.293E+01

#13:2:122
5.580E+01
7.189E+01
8.605E+01
9.892E+01
1.109E+02
1.327E+02
1.525E+02
1.709E+02
1.882E+02
2.045E+02
2.201E+02
2.351E+02
2.701E+02
3.025E+02
3.328E+02
3.615E+02
3.886E+02
4.146E+02
4.394E+02
4.633E+02
5.084E+02
5.504E+02
5.896E+02
6.265E+02
6.611E+02
6.937E+02
7.243E+02
7.532E+02
7.803E+02
8.059E+02
8.301E+02
8.528E+02
8.743E+02
8.945E+02
9.800E+02
1.045E+03
1.096E+03
1.136E+03
1.168E+03
1.195E+03
1.216E+03
1.234E+03
1.262E+03
1.280E+03
1.291E+03
1.297E+03
1.298E+03
1.297E+03
1.293E+03
1.286E+03
1.279E+03
1.269E+03
1.259E+03
1.248E+03
1.237E+03
1.225E+03
1.161E+03
1.098E+03
1.039E+03
9.849E+02
9.376E+02
8.954E+02
8.568E+02
8.210E+02
7.561E+02
6.986E+02
6.478E+02
6.048E+02
5.678E+02
5.357E+02
5.074E+02
4.824E+02
4.600E+02
4.398E+02
4.216E+02
4.051E+02
3.899E+02
3.760E+02
3.205E+02
2.807E+02
2.507E+02
2.271E+02
2.080E+02
1.922E+02
1.789E+02
1.675E+02
1.489E+02
1.344E+02
1.227E+02
1.131E+02
1.050E+02
9.812E+01
9.217E+01
8.697E+01
8.239E+01
7.831E+01
7.467E+01
7.138E+01
6.841E+01
6.570E+01
5.511E+01
4.776E+01
4.233E+01
3.816E+01
3.483E+01
3.213E+01
2.987E+01
2.797E+01
2.492E+01
2.259E+01
2.075E+01
1.925E+01
1.801E+01
1.696E+01
1.607E+01
1.530E+01
1.463E+01
1.404E+01
1.352E+01
1.305E+01
1.263E+01
1.225E+01

#14:2:122
4.732E+01
6.163E+01
7.434E+01
8.598E+01
9.682E+01
1.168E+02
1.351E+02
1.521E+02
1.682E+02
1.834E+02
1.981E+02
2.121E+02
2.453E+02
2.761E+02
3.052E+02
3.327E+02
3.591E+02
3.844E+02
4.087E+02
4.322E+02
4.770E+02
5.193E+02
5.594E+02
5.975E+02
6.339E+02
6.686E+02
7.019E+02
7.337E+02
7.643E+02
7.935E+02
8.216E+02
8.485E+02
8.744E+02
8.991E+02
1.008E+03
1.097E+03
1.168E+03
1.225E+03
1.270E+03
1.307E+03
1.336E+03
1.359E+03
1.390E+03
1.408E+03
1.416E+03
1.417E+03
1.413E+03
1.405E+03
1.395E+03
1.383E+03
1.370E+03
1.356E+03
1.341E+03
1.326E+03
1.310E+03
1.295E+03
1.218E+03
1.146E+03
1.081E+03
1.023E+03
9.706E+02
9.239E+02
8.814E+02
8.424E+02
7.731E+02
7.131E+02
6.612E+02
6.174E+02
5.797E+02
5.470E+02
5.182E+02
4.927E+02
4.700E+02
4.495E+02
4.309E+02
4.140E+02
3.986E+02
3.844E+02
3.278E+02
2.872E+02
2.565E+02
2.325E+02
2.130E+02
1.968E+02
1.832E+02
1.715E+02
1.526E+02
1.377E+02
1.258E+02
1.159E+02
1.077E+02
1.006E+02
9.454E+01
8.922E+01
8.453E+01
8.036E+01
7.662E+01
7.326E+01
7.021E+01
6.744E+01
5.659E+01
4.905E+01
4.349E+01
3.920E+01
3.580E+01
3.302E+01
3.070E+01
2.875E+01
2.562E+01
2.323E+01
2.133E+01
1.979E+01
1.852E+01
1.745E+01
1.653E+01
1.574E+01
1.505E+01
1.444E+01
1.391E+01
1.343E+01
1.299E+01
1.260E+01

#18:2:122
3.454E+01
4.456E+01
5.339E+01
6.142E+01
6.888E+01
8.253E+01
9.495E+01
1.065E+02
1.173E+02
1.276E+02
1.374E+02
1.468E+02
1.688E+02
1.893E+02
2.085E+02
2.267E+02
2.441E+02
2.608E+02
2.768E+02
2.923E+02
3.219E+02
3.498E+02
3.765E+02
4.019E+02
4.264E+02
4.500E+02
4.728E+02
4.949E+02
5.163E+02
5.370E+02
5.573E+02
5.770E+02
5.961E+02
6.148E+02
7.021E+02
7.803E+02
8.508E+02
9.144E+02
9.719E+02
1.024E+03
1.070E+03
1.111E+03
1.181E+03
1.233E+03
1.272E+03
1.298E+03
1.314E+03
1.321E+03
1.321E+03
1.315E+03
1.305E+03
1.291E+03
1.276E+03
1.258E+03
1.240E+03
1.222E+03
1.130E+03
1.047E+03
9.740E+02
9.112E+02
8.567E+02
8.090E+02
7.670E+02
7.298E+02
6.661E+02
6.132E+02
5.697E+02
5.327E+02
5.010E+02
4.734E+02
4.491E+02
4.274E+02
4.083E+02
3.910E+02
3.754E+02
3.611E+02
3.481E+02
3.360E+02
2.876E+02
2.526E+02
2.260E+02
2.050E+02
1.879E+02
1.738E+02
1.618E+02
1.516E+02
1.349E+02
1.219E+02
1.114E+02
1.027E+02
9.543E+01
8.922E+01
8.385E+01
7.916E+01
7.502E+01
7.134E+01
6.804E+01
6.507E+01
6.238E+01
5.993E+01
5.034E+01
4.367E+01
3.874E+01
3.494E+01
3.191E+01
2.944E+01
2.739E+01
2.565E+01
2.287E+01
2.074E+01
1.906E+01
1.769E+01
1.655E+01
1.560E+01
1.478E+01
1.408E+01
1.347E+01
1.293E+01
1.245E+01
1.202E+01
1.164E+01
1.129E+01

#22:2:122
5.924E+01
7.281E+01
8.428E+01
9.441E+01
1.036E+02
1.199E+02
1.343E+02
1.474E+02
1.594E+02
1.706E+02
1.811E+02
1.911E+02
2.140E+02
2.347E+02
2.538E+02
2.716E+02
2.883E+02
3.041E+02
3.191E+02
3.335E+02
3.605E+02
3.855E+02
4.090E+02
4.312E+02
4.522E+02
4.722E+02
4.914E+02
5.097E+02
5.273E+02
5.443E+02
5.606E+02
5.764E+02
5.917E+02
6.065E+02
6.742E+02
7.331E+02
7.850E+02
8.310E+02
8.717E+02
9.079E+02
9.400E+02
9.683E+02
1.015E+03
1.051E+03
1.077E+03
1.095E+03
1.106E+03
1.112E+03
1.114E+03
1.112E+03
1.107E+03
1.100E+03
1.092E+03
1.082E+03
1.071E+03
1.059E+03
9.956E+02
9.337E+02
8.776E+02
8.279E+02
7.852E+02
7.478E+02
7.145E+02
6.845E+02
6.319E+02
5.871E+02
5.483E+02
5.143E+02
4.842E+02
4.573E+02
4.334E+02
4.125E+02
3.937E+02
3.767E+02
3.615E+02
3.476E+02
3.349E+02
3.232E+02
2.767E+02
2.432E+02
2.178E+02
1.978E+02
1.815E+02
1.680E+02
1.566E+02
1.468E+02
1.308E+02
1.183E+02
1.082E+02
9.992E+01
9.291E+01
8.692E+01
8.174E+01
7.722E+01
7.322E+01
6.967E+01
6.648E+01
6.361E+01
6.100E+01
5.863E+01
4.933E+01
4.285E+01
3.805E+01
3.434E+01
3.139E+01
2.898E+01
2.697E+01
2.527E+01
2.255E+01
2.046E+01
1.880E+01
1.746E+01
1.634E+01
1.540E+01
1.460E+01
1.391E+01
1.330E+01
1.277E+01
1.230E+01
1.188E+01
1.150E+01
1.115E+01

#26:2:122
5.406E+01
6.542E+01
7.491E+01
8.320E+01
9.066E+01
1.038E+02
1.153E+02
1.256E+02
1.351E+02
1.438E+02
1.520E+02
1.598E+02
1.774E+02
1.933E+02
2.078E+02
2.213E+02
2.339E+02
2.457E+02
2.569E+02
2.676E+02
2.876E+02
3.062E+02
3.235E+02
3.398E+02
3.552E+02
3.698E+02
3.838E+02
3.971E+02
4.100E+02
4.223E+02
4.342E+02
4.457E+02
4.569E+02
4.676E+02
5.171E+02
5.606E+02
5.994E+02
6.343E+02
6.659E+02
6.946E+02
7.208E+02
7.448E+02
7.866E+02
8.215E+02
8.504E+02
8.741E+02
8.931E+02
9.081E+02
9.196E+02
9.280E+02
9.336E+02
9.368E+02
9.380E+02
9.373E+02
9.351E+02
9.315E+02
8.999E+02
8.567E+02
8.109E+02
7.669E+02
7.273E+02
6.919E+02
6.602E+02
6.315E+02
5.818E+02
5.401E+02
5.046E+02
4.739E+02
4.472E+02
4.236E+02
4.026E+02
3.835E+02
3.669E+02
3.520E+02
3.383E+02
3.257E+02
3.141E+02
3.036E+02
2.611E+02
2.304E+02
2.069E+02
1.883E+02
1.732E+02
1.606E+02
1.499E+02
1.407E+02
1.257E+02
1.139E+02
1.044E+02
9.645E+01
8.978E+01
8.408E+01
7.913E+01
7.481E+01
7.098E+01
6.758E+01
6.452E+01
6.177E+01
5.927E+01
5.699E+01
4.803E+01
4.178E+01
3.714E+01
3.355E+01
3.069E+01
2.835E+01
2.640E+01
2.475E+01
2.210E+01
2.007E+01
1.845E+01
1.714E+01
1.605E+01
1.513E+01
1.435E+01
1.367E+01
1.308E+01
1.255E+01
1.209E+01
1.168E+01
1.130E+01
1.097E+01

#29:2:122
2.951E+01
3.649E+01
4.242E+01
4.768E+01
5.245E+01
6.098E+01
6.854E+01
7.540E+01
8.174E+01
8.765E+01
9.323E+01
9.851E+01
1.107E+02
1.218E+02
1.320E+02
1.416E+02
1.505E+02
1.590E+02
1.672E+02
1.749E+02
1.895E+02
2.032E+02
2.160E+02
2.281E+02
2.397E+02
2.507E+02
2.613E+02
2.714E+02
2.812E+02
2.907E+02
2.998E+02
3.087E+02
3.173E+02
3.256E+02
3.642E+02
3.984E+02
4.291E+02
4.568E+02
4.821E+02
5.051E+02
5.262E+02
5.454E+02
5.790E+02
6.070E+02
6.301E+02
6.491E+02
6.644E+02
6.766E+02
6.862E+02
6.934E+02
6.988E+02
7.024E+02
7.046E+02
7.057E+02
7.057E+02
7.049E+02
6.925E+02
6.726E+02
6.503E+02
6.276E+02
6.060E+02
5.856E+02
5.663E+02
5.480E+02
5.140E+02
4.834E+02
4.558E+02
4.310E+02
4.084E+02
3.880E+02
3.696E+02
3.537E+02
3.391E+02
3.257E+02
3.134E+02
3.020E+02
2.917E+02
2.823E+02
2.439E+02
2.159E+02
1.944E+02
1.773E+02
1.633E+02
1.516E+02
1.417E+02
1.332E+02
1.191E+02
1.081E+02
9.916E+01
9.173E+01
8.546E+01
8.009E+01
7.543E+01
7.134E+01
6.773E+01
6.451E+01
6.162E+01
5.900E+01
5.663E+01
5.447E+01
4.597E+01
4.002E+01
3.561E+01
3.219E+01
2.946E+01
2.723E+01
2.537E+01
2.379E+01
2.126E+01
1.931E+01
1.776E+01
1.651E+01
1.546E+01
1.458E+01
1.383E+01
1.318E+01
1.261E+01
1.211E+01
1.167E+01
1.127E+01
1.091E+01
1.059E+01

#32:2:122
4.765E+01
5.757E+01
6.583E+01
7.305E+01
7.953E+01
9.094E+01
1.009E+02
1.099E+02
1.180E+02
1.256E+02
1.327E+02
1.394E+02
1.546E+02
1.683E+02
1.808E+02
1.923E+02
2.031E+02
2.133E+02
2.229E+02
2.320E+02
2.491E+02
2.648E+02
2.795E+02
2.932E+02
3.061E+02
3.184E+02
3.300E+02
3.411E+02
3.517E+02
3.618E+02
3.715E+02
3.808E+02
3.898E+02
3.984E+02
4.372E+02
4.699E+02
4.978E+02
5.217E+02
5.423E+02
5.601E+02
5.755E+02
5.889E+02
6.108E+02
6.274E+02
6.401E+02
6.499E+02
6.573E+02
6.628E+02
6.668E+02
6.696E+02
6.714E+02
6.723E+02
6.724E+02
6.719E+02
6.709E+02
6.694E+02
6.569E+02
6.395E+02
6.198E+02
5.994E+02
5.784E+02
5.576E+02
5.375E+02
5.185E+02
4.836E+02
4.529E+02
4.258E+02
4.018E+02
3.805E+02
3.615E+02
3.443E+02
3.286E+02
3.151E+02
3.031E+02
2.921E+02
2.820E+02
2.726E+02
2.638E+02
2.282E+02
2.022E+02
1.823E+02
1.664E+02
1.535E+02
1.426E+02
1.334E+02
1.254E+02
1.123E+02
1.020E+02
9.363E+01
8.667E+01
8.079E+01
7.575E+01
7.137E+01
6.753E+01
6.414E+01
6.110E+01
5.838E+01
5.592E+01
5.369E+01
5.165E+01
4.363E+01
3.801E+01
3.384E+01
3.060E+01
2.802E+01
2.591E+01
2.414E+01
2.265E+01
2.024E+01
1.840E+01
1.693E+01
1.574E+01
1.475E+01
1.391E+01
1.320E+01
1.258E+01
1.204E+01
1.157E+01
1.115E+01
1.077E+01
1.043E+01
1.013E+01

#36:2:122
1.015E+01
1.369E+01
1.693E+01
1.996E+01
2.284E+01
2.823E+01
3.329E+01
3.808E+01
4.266E+01
4.708E+01
5.135E+01
5.550E+01
6.543E+01
7.484E+01
8.385E+01
9.252E+01
1.009E+02
1.091E+02
1.170E+02
1.247E+02
1.397E+02
1.541E+02
1.680E+02
1.815E+02
1.946E+02
2.074E+02
2.199E+02
2.321E+02
2.440E+02
2.557E+02
2.672E+02
2.784E+02
2.895E+02
3.003E+02
3.519E+02
3.996E+02
4.437E+02
4.844E+02
5.221E+02
5.567E+02
5.884E+02
6.172E+02
6.666E+02
7.057E+02
7.355E+02
7.570E+02
7.714E+02
7.799E+02
7.834E+02
7.830E+02
7.794E+02
7.736E+02
7.659E+02
7.570E+02
7.472E+02
7.369E+02
6.837E+02
6.356E+02
5.952E+02
5.615E+02
5.330E+02
5.086E+02
4.873E+02
4.685E+02
4.399E+02
4.179E+02
3.988E+02
3.814E+02
3.649E+02
3.492E+02
3.342E+02
3.198E+02
3.062E+02
2.937E+02
2.828E+02
2.728E+02
2.636E+02
2.552E+02
2.212E+02
1.958E+02
1.766E+02
1.612E+02
1.487E+02
1.381E+02
1.292E+02
1.215E+02
1.089E+02
9.891E+01
9.081E+01
8.409E+01
7.840E+01
7.353E+01
6.929E+01
6.557E+01
6.228E+01
5.934E+01
5.671E+01
5.432E+01
5.216E+01
5.018E+01
4.241E+01
3.695E+01
3.290E+01
2.976E+01
2.725E+01
2.520E+01
2.349E+01
2.203E+01
1.970E+01
1.790E+01
1.648E+01
1.532E+01
1.436E+01
1.355E+01
1.285E+01
1.225E+01
1.173E+01
1.127E+01
1.086E+01
1.049E+01
1.016E+01
9.868E+00

#42:2:122
5.822E+01
6.898E+01
7.779E+01
8.539E+01
9.216E+01
1.039E+02
1.141E+02
1.231E+02
1.313E+02
1.388E+02
1.458E+02
1.524E+02
1.673E+02
1.805E+02
1.925E+02
2.035E+02
2.138E+02
2.234E+02
2.324E+02
2.410E+02
2.569E+02
2.716E+02
2.851E+02
2.978E+02
3.098E+02
3.211E+02
3.318E+02
3.421E+02
3.519E+02
3.613E+02
3.703E+02
3.790E+02
3.874E+02
3.955E+02
4.324E+02
4.645E+02
4.929E+02
5.182E+02
5.410E+02
5.616E+02
5.804E+02
5.974E+02
6.269E+02
6.512E+02
6.712E+02
6.873E+02
7.001E+02
7.100E+02
7.173E+02
7.223E+02
7.254E+02
7.267E+02
7.265E+02
7.250E+02
7.223E+02
7.188E+02
6.909E+02
6.550E+02
6.178E+02
5.826E+02
5.521E+02
5.257E+02
5.023E+02
4.815E+02
4.455E+02
4.155E+02
3.899E+02
3.677E+02
3.481E+02
3.306E+02
3.148E+02
3.009E+02
2.886E+02
2.773E+02
2.669E+02
2.576E+02
2.490E+02
2.412E+02
2.096E+02
1.865E+02
1.687E+02
1.543E+02
1.425E+02
1.327E+02
1.243E+02
1.170E+02
1.051E+02
9.562E+01
8.792E+01
8.152E+01
7.611E+01
7.145E+01
6.740E+01
6.384E+01
6.069E+01
5.787E+01
5.533E+01
5.304E+01
5.095E+01
4.905E+01
4.153E+01
3.625E+01
3.231E+01
2.925E+01
2.681E+01
2.481E+01
2.313E+01
2.171E+01
1.943E+01
1.767E+01
1.627E+01
1.513E+01
1.419E+01
1.339E+01
1.271E+01
1.212E+01
1.160E+01
1.115E+01
1.074E+01
1.038E+01
1.006E+01
9.766E+00

#47:2:122
3.126E+01
3.813E+01
4.391E+01
4.898E+01
5.356E+01
6.166E+01
6.879E+01
7.521E+01
8.111E+01
8.660E+01
9.174E+01
9.660E+01
1.077E+02
1.178E+02
1.270E+02
1.356E+02
1.436E+02
1.512E+02
1.584E+02
1.653E+02
1.782E+02
1.902E+02
2.014E+02
2.120E+02
2.220E+02
2.316E+02
2.407E+02
2.495E+02
2.579E+02
2.660E+02
2.739E+02
2.814E+02
2.888E+02
2.959E+02
3.288E+02
3.578E+02
3.838E+02
4.074E+02
4.288E+02
4.484E+02
4.663E+02
4.828E+02
5.118E+02
5.362E+02
5.566E+02
5.735E+02
5.873E+02
5.984E+02
6.072E+02
6.138E+02
6.185E+02
6.216E+02
6.233E+02
6.238E+02
6.233E+02
6.218E+02
6.044E+02
5.787E+02
5.508E+02
5.233E+02
4.976E+02
4.744E+02
4.536E+02
4.350E+02
4.027E+02
3.759E+02
3.532E+02
3.336E+02
3.169E+02
3.020E+02
2.888E+02
2.769E+02
2.662E+02
2.565E+02
2.477E+02
2.395E+02
2.320E+02
2.251E+02
1.969E+02
1.760E+02
1.598E+02
1.467E+02
1.359E+02
1.268E+02
1.190E+02
1.122E+02
1.010E+02
9.209E+01
8.478E+01
7.872E+01
7.355E+01
6.910E+01
6.522E+01
6.180E+01
5.877E+01
5.607E+01
5.363E+01
5.142E+01
4.941E+01
4.758E+01
4.033E+01
3.523E+01
3.143E+01
2.848E+01
2.611E+01
2.418E+01
2.256E+01
2.118E+01
1.897E+01
1.726E+01
1.590E+01
1.479E+01
1.387E+01
1.309E+01
1.243E+01
1.185E+01
1.135E+01
1.090E+01
1.051E+01
1.015E+01
9.834E+00
9.547E+00

#50:2:122
2.739E+01
3.396E+01
3.955E+01
4.452E+01
4.904E+01
5.711E+01
6.428E+01
7.080E+01
7.682E+01
8.245E+01
8.776E+01
9.279E+01
1.044E+02
1.150E+02
1.248E+02
1.339E+02
1.425E+02
1.506E+02
1.584E+02
1.658E+02
1.798E+02
1.929E+02
2.052E+02
2.168E+02
2.278E+02
2.384E+02
2.484E+02
2.581E+02
2.674E+02
2.764E+02
2.851E+02
2.935E+02
3.016E+02
3.095E+02
3.457E+02
3.773E+02
4.053E+02
4.301E+02
4.521E+02
4.718E+02
4.893E+02
5.048E+02
5.307E+02
5.509E+02
5.663E+02
5.779E+02
5.863E+02
5.922E+02
5.961E+02
5.984E+02
5.993E+02
5.991E+02
5.981E+02
5.964E+02
5.942E+02
5.915E+02
5.738E+02
5.528E+02
5.312E+02
5.101E+02
4.883E+02
4.670E+02
4.470E+02
4.286E+02
3.963E+02
3.694E+02
3.468E+02
3.277E+02
3.114E+02
2.971E+02
2.840E+02
2.719E+02
2.608E+02
2.506E+02
2.417E+02
2.336E+02
2.260E+02
2.189E+02
1.905E+02
1.698E+02
1.538E+02
1.410E+02
1.305E+02
1.217E+02
1.141E+02
1.075E+02
9.669E+01
8.812E+01
8.113E+01
7.530E+01
7.036E+01
6.611E+01
6.242E+01
5.916E+01
5.628E+01
5.370E+01
5.138E+01
4.927E+01
4.736E+01
4.561E+01
3.870E+01
3.382E+01
3.018E+01
2.735E+01
2.508E+01
2.322E+01
2.166E+01
2.034E+01
1.822E+01
1.658E+01
1.528E+01
1.422E+01
1.333E+01
1.259E+01
1.195E+01
1.140E+01
1.092E+01
1.049E+01
1.012E+01
9.778E+00
9.475E+00
9.201E+00

#54:2:122
1.811E+01
2.330E+01
2.786E+01
3.199E+01
3.583E+01
4.284E+01
4.920E+01
5.510E+01
6.063E+01
6.587E+01
7.087E+01
7.565E+01
8.689E+01
9.730E+01
1.071E+02
1.163E+02
1.251E+02
1.335E+02
1.417E+02
1.495E+02
1.644E+02
1.786E+02
1.920E+02
2.049E+02
2.173E+02
2.292E+02
2.407E+02
2.518E+02
2.626E+02
2.731E+02
2.834E+02
2.933E+02
3.030E+02
3.125E+02
3.567E+02
3.965E+02
4.325E+02
4.652E+02
4.949E+02
5.218E+02
5.461E+02
5.679E+02
6.047E+02
6.332E+02
6.545E+02
6.693E+02
6.788E+02
6.836E+02
6.846E+02
6.825E+02
6.780E+02
6.717E+02
6.639E+02
6.551E+02
6.456E+02
6.356E+02
5.846E+02
5.387E+02
5.004E+02
4.688E+02
4.467E+02
4.305E+02
4.171E+02
4.053E+02
3.839E+02
3.640E+02
3.449E+02
3.268E+02
3.097E+02
2.946E+02
2.813E+02
2.695E+02
2.587E+02
2.488E+02
2.396E+02
2.311E+02
2.232E+02
2.162E+02
1.878E+02
1.672E+02
1.512E+02
1.385E+02
1.280E+02
1.193E+02
1.119E+02
1.054E+02
9.474E+01
8.629E+01
7.943E+01
7.370E+01
6.886E+01
6.469E+01
6.107E+01
5.788E+01
5.506E+01
5.253E+01
5.025E+01
4.820E+01
4.632E+01
4.461E+01
3.785E+01
3.308E+01
2.951E+01
2.675E+01
2.453E+01
2.271E+01
2.119E+01
1.990E+01
1.782E+01
1.622E+01
1.495E+01
1.391E+01
1.305E+01
1.232E+01
1.170E+01
1.116E+01
1.069E+01
1.027E+01
9.901E+00
9.572E+00
9.276E+00
9.008E+00

#64:2:122
3.811E+01
4.540E+01
5.141E+01
5.661E+01
6.125E+01
6.934E+01
7.636E+01
8.261E+01
8.829E+01
9.353E+01
9.841E+01
1.030E+02
1.134E+02
1.227E+02
1.311E+02
1.389E+02
1.461E+02
1.529E+02
1.593E+02
1.654E+02
1.767E+02
1.871E+02
1.968E+02
2.059E+02
2.144E+02
2.225E+02
2.303E+02
2.376E+02
2.447E+02
2.515E+02
2.580E+02
2.643E+02
2.703E+02
2.762E+02
3.031E+02
3.266E+02
3.474E+02
3.661E+02
3.831E+02
3.985E+02
4.125E+02
4.254E+02
4.478E+02
4.665E+02
4.821E+02
4.948E+02
5.051E+02
5.132E+02
5.194E+02
5.239E+02
5.269E+02
5.286E+02
5.291E+02
5.286E+02
5.273E+02
5.252E+02
5.056E+02
4.810E+02
4.568E+02
4.346E+02
4.146E+02
3.966E+02
3.805E+02
3.660E+02
3.409E+02
3.197E+02
3.016E+02
2.858E+02
2.720E+02
2.598E+02
2.488E+02
2.390E+02
2.301E+02
2.220E+02
2.146E+02
2.077E+02
2.014E+02
1.956E+02
1.716E+02
1.537E+02
1.398E+02
1.285E+02
1.193E+02
1.114E+02
1.047E+02
9.884E+01
8.916E+01
8.145E+01
7.513E+01
6.984E+01
6.534E+01
6.146E+01
5.808E+01
5.510E+01
5.244E+01
5.008E+01
4.795E+01
4.601E+01
4.424E+01
4.263E+01
3.620E+01
3.162E+01
2.819E+01
2.553E+01
2.340E+01
2.165E+01
2.019E+01
1.895E+01
1.697E+01
1.545E+01
1.425E+01
1.326E+01
1.244E+01
1.175E+01
1.116E+01
1.065E+01
1.020E+01
9.802E+00
9.450E+00
9.136E+00
8.853E+00
8.598E+00

#74:2:122
2.075E+01
2.523E+01
2.899E+01
3.229E+01
3.526E+01
4.051E+01
4.511E+01
4.926E+01
5.306E+01
5.659E+01
5.990E+01
6.302E+01
7.018E+01
7.663E+01
8.254E+01
8.802E+01
9.316E+01
9.801E+01
1.026E+02
1.070E+02
1.152E+02
1.229E+02
1.300E+02
1.367E+02
1.431E+02
1.492E+02
1.550E+02
1.606E+02
1.659E+02
1.711E+02
1.761E+02
1.809E+02
1.856E+02
1.901E+02
2.111E+02
2.296E+02
2.462E+02
2.613E+02
2.751E+02
2.877E+02
2.993E+02
3.100E+02
3.288E+02
3.447E+02
3.581E+02
3.692E+02
3.783E+02
3.856E+02
3.913E+02
3.956E+02
3.987E+02
4.006E+02
4.017E+02
4.019E+02
4.014E+02
4.004E+02
3.895E+02
3.748E+02
3.595E+02
3.448E+02
3.310E+02
3.183E+02
3.065E+02
2.957E+02
2.767E+02
2.608E+02
2.473E+02
2.355E+02
2.252E+02
2.161E+02
2.078E+02
2.003E+02
1.935E+02
1.873E+02
1.815E+02
1.762E+02
1.713E+02
1.667E+02
1.476E+02
1.332E+02
1.218E+02
1.126E+02
1.048E+02
9.827E+01
9.262E+01
8.769E+01
7.946E+01
7.285E+01
6.740E+01
6.283E+01
5.892E+01
5.554E+01
5.258E+01
4.996E+01
4.763E+01
4.554E+01
4.365E+01
4.194E+01
4.038E+01
3.894E+01
3.328E+01
2.927E+01
2.626E+01
2.390E+01
2.200E+01
2.042E+01
1.910E+01
1.798E+01
1.615E+01
1.473E+01
1.359E+01
1.266E+01
1.189E+01
1.123E+01
1.067E+01
1.019E+01
9.763E+00
9.388E+00
9.055E+00
8.758E+00
8.490E+00
8.248E+00

#78:2:122
1.445E+01
1.787E+01
2.078E+01
2.337E+01
2.571E+01
2.990E+01
3.361E+01
3.699E+01
4.010E+01
4.301E+01
4.575E+01
4.835E+01
5.436E+01
5.981E+01
6.484E+01
6.954E+01
7.397E+01
7.817E+01
8.217E+01
8.600E+01
9.322E+01
9.996E+01
1.063E+02
1.123E+02
1.180E+02
1.235E+02
1.287E+02
1.338E+02
1.387E+02
1.434E+02
1.479E+02
1.524E+02
1.567E+02
1.608E+02
1.803E+02
1.976E+02
2.133E+02
2.277E+02
2.409E+02
2.530E+02
2.643E+02
2.747E+02
2.932E+02
3.090E+02
3.224E+02
3.337E+02
3.431E+02
3.507E+02
3.568E+02
3.616E+02
3.651E+02
3.676E+02
3.691E+02
3.698E+02
3.699E+02
3.693E+02
3.647E+02
3.570E+02
3.473E+02
3.366E+02
3.255E+02
3.144E+02
3.036E+02
2.932E+02
2.743E+02
2.585E+02
2.451E+02
2.334E+02
2.231E+02
2.140E+02
2.058E+02
1.984E+02
1.916E+02
1.854E+02
1.797E+02
1.744E+02
1.695E+02
1.649E+02
1.460E+02
1.317E+02
1.204E+02
1.113E+02
1.036E+02
9.713E+01
9.153E+01
8.665E+01
7.853E+01
7.201E+01
6.663E+01
6.211E+01
5.826E+01
5.492E+01
5.199E+01
4.941E+01
4.711E+01
4.505E+01
4.318E+01
4.149E+01
3.995E+01
3.853E+01
3.288E+01
2.886E+01
2.583E+01
2.347E+01
2.157E+01
2.001E+01
1.870E+01
1.759E+01
1.579E+01
1.440E+01
1.329E+01
1.238E+01
1.163E+01
1.099E+01
1.044E+01
9.970E+00
9.555E+00
9.189E+00
8.864E+00
8.573E+00
8.311E+00
8.075E+00

#79:2:122
1.150E+01
1.455E+01
1.720E+01
1.957E+01
2.176E+01
2.572E+01
2.927E+01
3.254E+01
3.559E+01
3.846E+01
4.118E+01
4.378E+01
4.983E+01
5.539E+01
6.056E+01
6.544E+01
7.006E+01
7.446E+01
7.868E+01
8.274E+01
9.045E+01
9.769E+01
1.045E+02
1.111E+02
1.173E+02
1.233E+02
1.291E+02
1.346E+02
1.400E+02
1.452E+02
1.503E+02
1.552E+02
1.600E+02
1.647E+02
1.864E+02
2.058E+02
2.235E+02
2.395E+02
2.542E+02
2.677E+02
2.801E+02
2.915E+02
3.116E+02
3.285E+02
3.426E+02
3.543E+02
3.638E+02
3.715E+02
3.775E+02
3.821E+02
3.855E+02
3.878E+02
3.891E+02
3.896E+02
3.894E+02
3.887E+02
3.844E+02
3.756E+02
3.626E+02
3.468E+02
3.305E+02
3.164E+02
3.040E+02
2.930E+02
2.741E+02
2.584E+02
2.450E+02
2.334E+02
2.231E+02
2.140E+02
2.058E+02
1.984E+02
1.916E+02
1.855E+02
1.797E+02
1.745E+02
1.696E+02
1.650E+02
1.461E+02
1.318E+02
1.205E+02
1.113E+02
1.037E+02
9.720E+01
9.160E+01
8.672E+01
7.860E+01
7.207E+01
6.670E+01
6.218E+01
5.832E+01
5.498E+01
5.206E+01
4.947E+01
4.717E+01
4.511E+01
4.324E+01
4.155E+01
4.000E+01
3.859E+01
3.294E+01
2.892E+01
2.590E+01
2.354E+01
2.164E+01
2.007E+01
1.876E+01
1.764E+01
1.584E+01
1.445E+01
1.334E+01
1.243E+01
1.167E+01
1.103E+01
1.048E+01
1.001E+01
9.591E+00
9.224E+00
8.898E+00
8.606E+00
8.343E+00
8.106E+00

#82:2:122
1.796E+01
2.218E+01
2.576E+01
2.892E+01
3.180E+01
3.693E+01
4.147E+01
4.560E+01
4.940E+01
5.295E+01
5.630E+01
5.946E+01
6.677E+01
7.341E+01
7.952E+01
8.523E+01
9.060E+01
9.569E+01
1.005E+02
1.052E+02
1.139E+02
1.220E+02
1.297E+02
1.369E+02
1.438E+02
1.503E+02
1.566E+02
1.627E+02
1.685E+02
1.741E+02
1.795E+02
1.848E+02
1.899E+02
1.949E+02
2.177E+02
2.379E+02
2.560E+02
2.723E+02
2.870E+02
3.004E+02
3.126E+02
3.236E+02
3.426E+02
3.582E+02
3.707E+02
3.806E+02
3.884E+02
3.942E+02
3.984E+02
4.013E+02
4.031E+02
4.040E+02
4.041E+02
4.035E+02
4.024E+02
4.010E+02
3.925E+02
3.804E+02
3.653E+02
3.486E+02
3.320E+02
3.176E+02
3.049E+02
2.937E+02
2.744E+02
2.583E+02
2.447E+02
2.329E+02
2.225E+02
2.132E+02
2.050E+02
1.975E+02
1.907E+02
1.844E+02
1.787E+02
1.734E+02
1.684E+02
1.639E+02
1.449E+02
1.306E+02
1.194E+02
1.102E+02
1.026E+02
9.618E+01
9.063E+01
8.578E+01
7.772E+01
7.126E+01
6.594E+01
6.147E+01
5.765E+01
5.435E+01
5.146E+01
4.891E+01
4.663E+01
4.459E+01
4.275E+01
4.107E+01
3.954E+01
3.814E+01
3.254E+01
2.852E+01
2.550E+01
2.314E+01
2.124E+01
1.969E+01
1.839E+01
1.728E+01
1.551E+01
1.414E+01
1.306E+01
1.217E+01
1.143E+01
1.081E+01
1.027E+01
9.809E+00
9.403E+00
9.045E+00
8.726E+00
8.441E+00
8.185E+00
7.954E+00

#92:2:122
1.320E+01
1.672E+01
1.977E+01
2.252E+01
2.504E+01
2.961E+01
3.373E+01
3.751E+01
4.103E+01
4.435E+01
4.750E+01
5.051E+01
5.752E+01
6.396E+01
6.997E+01
7.562E+01
8.099E+01
8.611E+01
9.101E+01
9.573E+01
1.047E+02
1.131E+02
1.211E+02
1.287E+02
1.360E+02
1.430E+02
1.498E+02
1.563E+02
1.626E+02
1.688E+02
1.747E+02
1.805E+02
1.862E+02
1.917E+02
2.174E+02
2.405E+02
2.615E+02
2.808E+02
2.985E+02
3.148E+02
3.298E+02
3.437E+02
3.680E+02
3.884E+02
4.053E+02
4.190E+02
4.298E+02
4.381E+02
4.442E+02
4.484E+02
4.508E+02
4.518E+02
4.516E+02
4.503E+02
4.482E+02
4.454E+02
4.200E+02
3.901E+02
3.629E+02
3.396E+02
3.198E+02
3.031E+02
2.889E+02
2.767E+02
2.569E+02
2.417E+02
2.294E+02
2.186E+02
2.091E+02
2.006E+02
1.930E+02
1.861E+02
1.798E+02
1.740E+02
1.686E+02
1.637E+02
1.591E+02
1.548E+02
1.371E+02
1.237E+02
1.131E+02
1.045E+02
9.731E+01
9.122E+01
8.598E+01
8.142E+01
7.381E+01
6.771E+01
6.269E+01
5.848E+01
5.488E+01
5.176E+01
4.903E+01
4.662E+01
4.446E+01
4.253E+01
4.079E+01
3.921E+01
3.776E+01
3.643E+01
3.112E+01
2.730E+01
2.442E+01
2.218E+01
2.037E+01
1.889E+01
1.764E+01
1.659E+01
1.489E+01
1.358E+01
1.254E+01
1.169E+01
1.099E+01
1.039E+01
9.873E+00
9.428E+00
9.038E+00
8.694E+00
8.388E+00
8.115E+00
7.869E+00
7.647E+00

#99:2:122
1.688E+02
2.042E+02
2.338E+02
2.597E+02
2.830E+02
3.243E+02
3.604E+02
3.930E+02
4.228E+02
4.505E+02
4.765E+02
5.010E+02
5.571E+02
6.077E+02
6.541E+02
6.971E+02
7.374E+02
7.754E+02
8.115E+02
8.459E+02
9.103E+02
9.700E+02
1.026E+03
1.078E+03
1.128E+03
1.175E+03
1.220E+03
1.263E+03
1.305E+03
1.344E+03
1.383E+03
1.419E+03
1.455E+03
1.489E+03
1.646E+03
1.782E+03
1.901E+03
2.005E+03
2.097E+03
2.178E+03
2.249E+03
2.312E+03
2.413E+03
2.488E+03
2.539E+03
2.572E+03
2.589E+03
2.593E+03
2.586E+03
2.571E+03
2.548E+03
2.521E+03
2.489E+03
2.453E+03
2.416E+03
2.377E+03
2.176E+03
1.989E+03
1.825E+03
1.683E+03
1.561E+03
1.457E+03
1.369E+03
1.292E+03
1.165E+03
1.062E+03
9.785E+02
9.084E+02
8.488E+02
7.974E+02
7.524E+02
7.129E+02
6.777E+02
6.461E+02
6.177E+02
5.919E+02
5.684E+02
5.470E+02
4.618E+02
4.013E+02
3.560E+02
3.206E+02
2.921E+02
2.687E+02
2.490E+02
2.323E+02
2.053E+02
1.843E+02
1.675E+02
1.538E+02
1.423E+02
1.326E+02
1.242E+02
1.169E+02
1.105E+02
1.048E+02
9.978E+01
9.524E+01
9.113E+01
8.740E+01
7.289E+01
6.289E+01
5.555E+01
4.993E+01
4.548E+01
4.186E+01
3.885E+01
3.632E+01
3.228E+01
2.920E+01
2.677E+01
2.480E+01
2.317E+01
2.180E+01
2.064E+01
1.963E+01
1.876E+01
1.799E+01
1.730E+01
1.670E+01
1.615E+01
1.566E+01

#101:2:122
1.922E+02
2.294E+02
2.602E+02
2.870E+02
3.110E+02
3.531E+02
3.897E+02
4.225E+02
4.524E+02
4.801E+02
5.060E+02
5.303E+02
5.859E+02
6.357E+02
6.812E+02
7.232E+02
7.625E+02
7.994E+02
8.343E+02
8.675E+02
9.296E+02
9.869E+02
1.040E+03
1.090E+03
1.137E+03
1.182E+03
1.224E+03
1.265E+03
1.304E+03
1.341E+03
1.376E+03
1.411E+03
1.444E+03
1.475E+03
1.619E+03
1.741E+03
1.847E+03
1.938E+03
2.017E+03
2.085E+03
2.144E+03
2.195E+03
2.275E+03
2.331E+03
2.367E+03
2.388E+03
2.397E+03
2.395E+03
2.386E+03
2.370E+03
2.350E+03
2.326E+03
2.299E+03
2.271E+03
2.241E+03
2.210E+03
2.056E+03
1.913E+03
1.783E+03
1.666E+03
1.562E+03
1.468E+03
1.384E+03
1.308E+03
1.177E+03
1.072E+03
9.868E+02
9.155E+02
8.550E+02
8.028E+02
7.572E+02
7.171E+02
6.814E+02
6.495E+02
6.207E+02
5.947E+02
5.709E+02
5.492E+02
4.633E+02
4.023E+02
3.566E+02
3.209E+02
2.923E+02
2.688E+02
2.490E+02
2.322E+02
2.050E+02
1.840E+02
1.672E+02
1.534E+02
1.420E+02
1.322E+02
1.238E+02
1.165E+02
1.101E+02
1.045E+02
9.941E+01
9.487E+01
9.076E+01
8.704E+01
7.255E+01
6.257E+01
5.525E+01
4.965E+01
4.521E+01
4.160E+01
3.861E+01
3.609E+01
3.207E+01
2.900E+01
2.658E+01
2.462E+01
2.300E+01
2.164E+01
2.048E+01
1.948E+01
1.861E+01
1.784E+01
1.717E+01
1.656E+01
1.602E+01
1.553E+01

#103:2:122
1.694E+02
2.042E+02
2.333E+02
2.588E+02
2.818E+02
3.224E+02
3.581E+02
3.903E+02
4.197E+02
4.472E+02
4.729E+02
4.972E+02
5.529E+02
6.032E+02
6.494E+02
6.924E+02
7.327E+02
7.707E+02
8.068E+02
8.413E+02
9.060E+02
9.661E+02
1.022E+03
1.075E+03
1.125E+03
1.173E+03
1.219E+03
1.262E+03
1.304E+03
1.344E+03
1.383E+03
1.420E+03
1.456E+03
1.491E+03
1.650E+03
1.787E+03
1.907E+03
2.012E+03
2.104E+03
2.185E+03
2.256E+03
2.317E+03
2.417E+03
2.489E+03
2.539E+03
2.571E+03
2.588E+03
2.592E+03
2.587E+03
2.573E+03
2.554E+03
2.529E+03
2.500E+03
2.468E+03
2.434E+03
2.398E+03
2.213E+03
2.035E+03
1.874E+03
1.731E+03
1.605E+03
1.499E+03
1.408E+03
1.328E+03
1.197E+03
1.091E+03
1.004E+03
9.322E+02
8.707E+02
8.178E+02
7.715E+02
7.308E+02
6.945E+02
6.621E+02
6.329E+02
6.064E+02
5.823E+02
5.602E+02
4.728E+02
4.107E+02
3.643E+02
3.280E+02
2.988E+02
2.748E+02
2.547E+02
2.376E+02
2.099E+02
1.884E+02
1.712E+02
1.572E+02
1.455E+02
1.355E+02
1.269E+02
1.195E+02
1.129E+02
1.071E+02
1.020E+02
9.731E+01
9.311E+01
8.930E+01
7.446E+01
6.424E+01
5.674E+01
5.099E+01
4.644E+01
4.274E+01
3.968E+01
3.709E+01
3.296E+01
2.981E+01
2.733E+01
2.532E+01
2.365E+01
2.226E+01
2.107E+01
2.004E+01
1.914E+01
1.836E+01
1.766E+01
1.704E+01
1.648E+01
1.598E+01

#104:2:122
8.750E+01
1.086E+02
1.267E+02
1.427E+02
1.573E+02
1.835E+02
2.067E+02
2.279E+02
2.475E+02
2.659E+02
2.832E+02
2.996E+02
3.377E+02
3.723E+02
4.043E+02
4.343E+02
4.626E+02
4.894E+02
5.150E+02
5.395E+02
5.858E+02
6.290E+02
6.696E+02
7.081E+02
7.448E+02
7.798E+02
8.134E+02
8.457E+02
8.768E+02
9.068E+02
9.359E+02
9.640E+02
9.913E+02
1.018E+03
1.140E+03
1.247E+03
1.343E+03
1.429E+03
1.506E+03
1.575E+03
1.637E+03
1.693E+03
1.787E+03
1.861E+03
1.918E+03
1.961E+03
1.990E+03
2.008E+03
2.017E+03
2.019E+03
2.013E+03
2.002E+03
1.987E+03
1.968E+03
1.946E+03
1.922E+03
1.774E+03
1.625E+03
1.494E+03
1.382E+03
1.287E+03
1.205E+03
1.133E+03
1.072E+03
9.686E+02
8.859E+02
8.180E+02
7.607E+02
7.117E+02
6.696E+02
6.327E+02
6.002E+02
5.712E+02
5.453E+02
5.219E+02
5.006E+02
4.812E+02
4.634E+02
3.926E+02
3.423E+02
3.044E+02
2.747E+02
2.507E+02
2.309E+02
2.143E+02
2.001E+02
1.771E+02
1.593E+02
1.449E+02
1.332E+02
1.234E+02
1.150E+02
1.078E+02
1.016E+02
9.607E+01
9.119E+01
8.683E+01
8.291E+01
7.936E+01
7.614E+01
6.360E+01
5.493E+01
4.857E+01
4.368E+01
3.981E+01
3.666E+01
3.405E+01
3.184E+01
2.832E+01
2.563E+01
2.351E+01
2.179E+01
2.036E+01
1.917E+01
1.815E+01
1.727E+01
1.650E+01
1.583E+01
1.523E+01
1.470E+01
1.422E+01
1.379E+01

#106:2:122
7.139E+01
8.859E+01
1.033E+02
1.164E+02
1.284E+02
1.499E+02
1.690E+02
1.865E+02
2.028E+02
2.180E+02
2.323E+02
2.460E+02
2.777E+02
3.066E+02
3.334E+02
3.585E+02
3.821E+02
4.046E+02
4.260E+02
4.465E+02
4.850E+02
5.209E+02
5.543E+02
5.858E+02
6.155E+02
6.435E+02
6.700E+02
6.952E+02
7.191E+02
7.419E+02
7.636E+02
7.843E+02
8.040E+02
8.229E+02
9.059E+02
9.740E+02
1.031E+03
1.080E+03
1.122E+03
1.159E+03
1.191E+03
1.220E+03
1.267E+03
1.304E+03
1.332E+03
1.353E+03
1.368E+03
1.378E+03
1.383E+03
1.385E+03
1.384E+03
1.381E+03
1.376E+03
1.370E+03
1.362E+03
1.352E+03
1.308E+03
1.253E+03
1.187E+03
1.115E+03
1.044E+03
9.825E+02
9.284E+02
8.800E+02
8.012E+02
7.370E+02
6.834E+02
6.381E+02
5.991E+02
5.652E+02
5.354E+02
5.089E+02
4.853E+02
4.640E+02
4.448E+02
4.273E+02
4.114E+02
3.967E+02
3.380E+02
2.959E+02
2.642E+02
2.392E+02
2.190E+02
2.022E+02
1.881E+02
1.760E+02
1.563E+02
1.409E+02
1.286E+02
1.184E+02
1.099E+02
1.026E+02
9.636E+01
9.088E+01
8.606E+01
8.177E+01
7.794E+01
7.449E+01
7.137E+01
6.852E+01
5.742E+01
4.972E+01
4.405E+01
3.968E+01
3.621E+01
3.338E+01
3.103E+01
2.905E+01
2.588E+01
2.345E+01
2.153E+01
1.997E+01
1.868E+01
1.759E+01
1.667E+01
1.587E+01
1.517E+01
1.456E+01
1.402E+01
1.353E+01
1.310E+01
1.270E+01

#111:2:122
1.386E+02
1.677E+02
1.920E+02
2.133E+02
2.324E+02
2.663E+02
2.960E+02
3.227E+02
3.472E+02
3.699E+02
3.912E+02
4.113E+02
4.573E+02
4.988E+02
5.368E+02
5.720E+02
6.050E+02
6.361E+02
6.657E+02
6.938E+02
7.465E+02
7.954E+02
8.410E+02
8.839E+02
9.245E+02
9.631E+02
9.999E+02
1.035E+03
1.069E+03
1.101E+03
1.133E+03
1.163E+03
1.192E+03
1.220E+03
1.348E+03
1.460E+03
1.557E+03
1.643E+03
1.719E+03
1.786E+03
1.845E+03
1.897E+03
1.983E+03
2.047E+03
2.093E+03
2.124E+03
2.142E+03
2.149E+03
2.148E+03
2.139E+03
2.125E+03
2.106E+03
2.084E+03
2.059E+03
2.031E+03
2.003E+03
1.861E+03
1.726E+03
1.600E+03
1.484E+03
1.379E+03
1.290E+03
1.214E+03
1.147E+03
1.035E+03
9.453E+02
8.718E+02
8.100E+02
7.577E+02
7.125E+02
6.729E+02
6.381E+02
6.070E+02
5.792E+02
5.541E+02
5.313E+02
5.105E+02
4.915E+02
4.161E+02
3.623E+02
3.220E+02
2.904E+02
2.649E+02
2.440E+02
2.264E+02
2.113E+02
1.870E+02
1.681E+02
1.530E+02
1.406E+02
1.302E+02
1.214E+02
1.138E+02
1.072E+02
1.014E+02
9.625E+01
9.165E+01
8.751E+01
8.377E+01
8.037E+01
6.714E+01
5.799E+01
5.128E+01
4.612E+01
4.203E+01
3.871E+01
3.595E+01
3.362E+01
2.991E+01
2.707E+01
2.482E+01
2.301E+01
2.151E+01
2.024E+01
1.917E+01
1.824E+01
1.743E+01
1.672E+01
1.609E+01
1.552E+01
1.502E+01
1.456E+01

#119:2:122
1.259E+02
1.526E+02
1.750E+02
1.948E+02
2.125E+02
2.441E+02
2.718E+02
2.968E+02
3.198E+02
3.411E+02
3.612E+02
3.802E+02
4.238E+02
4.631E+02
4.993E+02
5.330E+02
5.646E+02
5.945E+02
6.228E+02
6.499E+02
7.008E+02
7.481E+02
7.924E+02
8.342E+02
8.737E+02
9.114E+02
9.474E+02
9.819E+02
1.015E+03
1.047E+03
1.078E+03
1.107E+03
1.136E+03
1.164E+03
1.291E+03
1.401E+03
1.498E+03
1.584E+03
1.660E+03
1.727E+03
1.787E+03
1.839E+03
1.926E+03
1.991E+03
2.039E+03
2.072E+03
2.092E+03
2.103E+03
2.105E+03
2.100E+03
2.089E+03
2.075E+03
2.056E+03
2.035E+03
2.011E+03
1.986E+03
1.846E+03
1.705E+03
1.576E+03
1.460E+03
1.358E+03
1.271E+03
1.196E+03
1.130E+03
1.020E+03
9.316E+02
8.594E+02
7.988E+02
7.474E+02
7.029E+02
6.640E+02
6.297E+02
5.991E+02
5.717E+02
5.471E+02
5.247E+02
5.043E+02
4.856E+02
4.113E+02
3.584E+02
3.186E+02
2.875E+02
2.624E+02
2.418E+02
2.244E+02
2.095E+02
1.855E+02
1.668E+02
1.519E+02
1.396E+02
1.293E+02
1.206E+02
1.131E+02
1.065E+02
1.008E+02
9.566E+01
9.110E+01
8.699E+01
8.329E+01
7.991E+01
6.678E+01
5.770E+01
5.103E+01
4.591E+01
4.185E+01
3.855E+01
3.580E+01
3.349E+01
2.979E+01
2.697E+01
2.473E+01
2.293E+01
2.143E+01
2.018E+01
1.910E+01
1.818E+01
1.737E+01
1.667E+01
1.604E+01
1.548E+01
1.498E+01
1.452E+01

#120:2:122
1.091E+02
1.328E+02
1.528E+02
1.704E+02
1.862E+02
2.144E+02
2.393E+02
2.617E+02
2.824E+02
3.016E+02
3.197E+02
3.368E+02
3.761E+02
4.117E+02
4.445E+02
4.750E+02
5.036E+02
5.307E+02
5.565E+02
5.811E+02
6.274E+02
6.704E+02
7.108E+02
7.489E+02
7.850E+02
8.194E+02
8.524E+02
8.839E+02
9.143E+02
9.435E+02
9.717E+02
9.990E+02
1.025E+03
1.051E+03
1.168E+03
1.270E+03
1.360E+03
1.440E+03
1.511E+03
1.574E+03
1.630E+03
1.680E+03
1.763E+03
1.826E+03
1.872E+03
1.905E+03
1.927E+03
1.939E+03
1.943E+03
1.941E+03
1.933E+03
1.921E+03
1.905E+03
1.887E+03
1.867E+03
1.844E+03
1.720E+03
1.593E+03
1.475E+03
1.369E+03
1.274E+03
1.193E+03
1.123E+03
1.062E+03
9.592E+02
8.771E+02
8.097E+02
7.530E+02
7.049E+02
6.634E+02
6.270E+02
5.949E+02
5.663E+02
5.406E+02
5.175E+02
4.965E+02
4.774E+02
4.598E+02
3.901E+02
3.403E+02
3.029E+02
2.736E+02
2.499E+02
2.304E+02
2.139E+02
1.999E+02
1.771E+02
1.594E+02
1.452E+02
1.336E+02
1.238E+02
1.155E+02
1.083E+02
1.021E+02
9.661E+01
9.174E+01
8.739E+01
8.348E+01
7.993E+01
7.671E+01
6.417E+01
5.548E+01
4.909E+01
4.419E+01
4.029E+01
3.712E+01
3.449E+01
3.227E+01
2.872E+01
2.600E+01
2.386E+01
2.212E+01
2.068E+01
1.948E+01
1.844E+01
1.755E+01
1.678E+01
1.610E+01
1.549E+01
1.495E+01
1.447E+01
1.403E+01

#126:2:122
1.241E+02
1.488E+02
1.693E+02
1.872E+02
2.033E+02
2.315E+02
2.561E+02
2.782E+02
2.984E+02
3.171E+02
3.345E+02
3.510E+02
3.886E+02
4.224E+02
4.532E+02
4.818E+02
5.084E+02
5.335E+02
5.573E+02
5.799E+02
6.223E+02
6.613E+02
6.978E+02
7.320E+02
7.643E+02
7.949E+02
8.240E+02
8.519E+02
8.785E+02
9.041E+02
9.287E+02
9.524E+02
9.752E+02
9.973E+02
1.097E+03
1.184E+03
1.259E+03
1.325E+03
1.384E+03
1.435E+03
1.481E+03
1.521E+03
1.588E+03
1.639E+03
1.678E+03
1.706E+03
1.726E+03
1.738E+03
1.744E+03
1.745E+03
1.743E+03
1.736E+03
1.727E+03
1.716E+03
1.703E+03
1.688E+03
1.603E+03
1.511E+03
1.421E+03
1.338E+03
1.261E+03
1.190E+03
1.126E+03
1.067E+03
9.655E+02
8.838E+02
8.164E+02
7.596E+02
7.111E+02
6.691E+02
6.323E+02
5.999E+02
5.710E+02
5.450E+02
5.216E+02
5.003E+02
4.809E+02
4.631E+02
3.924E+02
3.420E+02
3.041E+02
2.744E+02
2.504E+02
2.307E+02
2.141E+02
1.999E+02
1.769E+02
1.591E+02
1.448E+02
1.331E+02
1.232E+02
1.149E+02
1.077E+02
1.015E+02
9.597E+01
9.110E+01
8.674E+01
8.283E+01
7.929E+01
7.607E+01
6.354E+01
5.489E+01
4.853E+01
4.365E+01
3.978E+01
3.664E+01
3.402E+01
3.182E+01
2.830E+01
2.561E+01
2.349E+01
2.177E+01
2.035E+01
1.916E+01
1.814E+01
1.726E+01
1.649E+01
1.582E+01
1.522E+01
1.469E+01
1.421E+01
1.378E+01

#130:2:122
7.278E+01
9.074E+01
1.061E+02
1.198E+02
1.323E+02
1.547E+02
1.746E+02
1.928E+02
2.097E+02
2.255E+02
2.404E+02
2.545E+02
2.872E+02
3.170E+02
3.446E+02
3.704E+02
3.946E+02
4.176E+02
4.395E+02
4.605E+02
4.999E+02
5.365E+02
5.708E+02
6.031E+02
6.336E+02
6.626E+02
6.901E+02
7.164E+02
7.415E+02
7.656E+02
7.887E+02
8.108E+02
8.321E+02
8.526E+02
9.444E+02
1.022E+03
1.088E+03
1.145E+03
1.194E+03
1.237E+03
1.275E+03
1.308E+03
1.361E+03
1.401E+03
1.431E+03
1.453E+03
1.467E+03
1.476E+03
1.481E+03
1.481E+03
1.479E+03
1.474E+03
1.466E+03
1.458E+03
1.447E+03
1.436E+03
1.352E+03
1.256E+03
1.166E+03
1.086E+03
1.016E+03
9.544E+02
9.002E+02
8.523E+02
7.721E+02
7.081E+02
6.555E+02
6.107E+02
5.733E+02
5.406E+02
5.119E+02
4.866E+02
4.640E+02
4.438E+02
4.254E+02
4.087E+02
3.934E+02
3.794E+02
3.236E+02
2.836E+02
2.533E+02
2.295E+02
2.102E+02
1.942E+02
1.807E+02
1.692E+02
1.504E+02
1.357E+02
1.239E+02
1.142E+02
1.060E+02
9.904E+01
9.302E+01
8.777E+01
8.315E+01
7.904E+01
7.536E+01
7.205E+01
6.905E+01
6.631E+01
5.563E+01
4.822E+01
4.274E+01
3.853E+01
3.518E+01
3.244E+01
3.017E+01
2.825E+01
2.518E+01
2.282E+01
2.096E+01
1.945E+01
1.820E+01
1.714E+01
1.625E+01
1.547E+01
1.479E+01
1.420E+01
1.367E+01
1.320E+01
1.278E+01
1.239E+01

#134:2:122
9.328E+01
1.142E+02
1.319E+02
1.475E+02
1.616E+02
1.866E+02
2.086E+02
2.285E+02
2.468E+02
2.638E+02
2.798E+02
2.950E+02
3.298E+02
3.613E+02
3.902E+02
4.171E+02
4.424E+02
4.664E+02
4.891E+02
5.108E+02
5.518E+02
5.898E+02
6.256E+02
6.594E+02
6.915E+02
7.222E+02
7.516E+02
7.798E+02
8.071E+02
8.334E+02
8.589E+02
8.837E+02
9.077E+02
9.311E+02
1.040E+03
1.137E+03
1.225E+03
1.306E+03
1.380E+03
1.449E+03
1.513E+03
1.571E+03
1.676E+03
1.763E+03
1.834E+03
1.891E+03
1.933E+03
1.961E+03
1.977E+03
1.982E+03
1.978E+03
1.967E+03
1.952E+03
1.932E+03
1.911E+03
1.888E+03
1.752E+03
1.614E+03
1.490E+03
1.383E+03
1.290E+03
1.209E+03
1.139E+03
1.077E+03
9.733E+02
8.900E+02
8.215E+02
7.640E+02
7.149E+02
6.726E+02
6.355E+02
6.026E+02
5.735E+02
5.473E+02
5.237E+02
5.024E+02
4.829E+02
4.650E+02
3.940E+02
3.433E+02
3.053E+02
2.755E+02
2.514E+02
2.316E+02
2.149E+02
2.007E+02
1.776E+02
1.597E+02
1.453E+02
1.336E+02
1.237E+02
1.153E+02
1.081E+02
1.019E+02
9.633E+01
9.143E+01
8.706E+01
8.313E+01
7.957E+01
7.634E+01
6.376E+01
5.508E+01
4.869E+01
4.380E+01
3.991E+01
3.676E+01
3.413E+01
3.192E+01
2.839E+01
2.569E+01
2.356E+01
2.184E+01
2.041E+01
1.921E+01
1.819E+01
1.731E+01
1.654E+01
1.587E+01
1.527E+01
1.473E+01
1.425E+01
1.382E+01

#138:2:122
1.576E+02
1.864E+02
2.099E+02
2.303E+02
2.483E+02
2.797E+02
3.068E+02
3.308E+02
3.526E+02
3.726E+02
3.912E+02
4.087E+02
4.481E+02
4.832E+02
5.149E+02
5.441E+02
5.711E+02
5.964E+02
6.203E+02
6.428E+02
6.848E+02
7.232E+02
7.588E+02
7.920E+02
8.232E+02
8.527E+02
8.806E+02
9.072E+02
9.326E+02
9.569E+02
9.802E+02
1.003E+03
1.024E+03
1.045E+03
1.139E+03
1.220E+03
1.290E+03
1.353E+03
1.408E+03
1.457E+03
1.502E+03
1.541E+03
1.608E+03
1.662E+03
1.704E+03
1.736E+03
1.761E+03
1.778E+03
1.789E+03
1.796E+03
1.798E+03
1.796E+03
1.790E+03
1.782E+03
1.772E+03
1.760E+03
1.674E+03
1.574E+03
1.476E+03
1.385E+03
1.302E+03
1.227E+03
1.160E+03
1.099E+03
9.938E+02
9.093E+02
8.397E+02
7.811E+02
7.312E+02
6.881E+02
6.502E+02
6.167E+02
5.870E+02
5.603E+02
5.362E+02
5.144E+02
4.945E+02
4.762E+02
4.035E+02
3.517E+02
3.128E+02
2.822E+02
2.576E+02
2.373E+02
2.202E+02
2.056E+02
1.820E+02
1.637E+02
1.490E+02
1.369E+02
1.268E+02
1.182E+02
1.108E+02
1.044E+02
9.874E+01
9.373E+01
8.924E+01
8.522E+01
8.157E+01
7.826E+01
6.537E+01
5.647E+01
4.993E+01
4.491E+01
4.093E+01
3.769E+01
3.501E+01
3.274E+01
2.912E+01
2.635E+01
2.417E+01
2.240E+01
2.094E+01
1.971E+01
1.866E+01
1.776E+01
1.697E+01
1.628E+01
1.566E+01
1.511E+01
1.462E+01
1.418E+01

#139:2:122
9.973E+01
1.237E+02
1.441E+02
1.623E+02
1.788E+02
2.083E+02
2.346E+02
2.585E+02
2.805E+02
3.012E+02
3.206E+02
3.391E+02
3.818E+02
4.206E+02
4.565E+02
4.900E+02
5.216E+02
5.515E+02
5.801E+02
6.074E+02
6.589E+02
7.070E+02
7.522E+02
7.950E+02
8.357E+02
8.746E+02
9.118E+02
9.476E+02
9.820E+02
1.015E+03
1.047E+03
1.078E+03
1.109E+03
1.138E+03
1.273E+03
1.391E+03
1.497E+03
1.591E+03
1.676E+03
1.753E+03
1.822E+03
1.884E+03
1.990E+03
2.074E+03
2.140E+03
2.190E+03
2.227E+03
2.251E+03
2.266E+03
2.273E+03
2.272E+03
2.266E+03
2.254E+03
2.238E+03
2.220E+03
2.198E+03
2.049E+03
1.886E+03
1.737E+03
1.607E+03
1.495E+03
1.399E+03
1.315E+03
1.242E+03
1.120E+03
1.023E+03
9.428E+02
8.756E+02
8.184E+02
7.693E+02
7.261E+02
6.880E+02
6.542E+02
6.240E+02
5.967E+02
5.720E+02
5.495E+02
5.289E+02
4.472E+02
3.891E+02
3.456E+02
3.116E+02
2.842E+02
2.616E+02
2.427E+02
2.265E+02
2.003E+02
1.800E+02
1.637E+02
1.504E+02
1.393E+02
1.298E+02
1.217E+02
1.146E+02
1.083E+02
1.028E+02
9.787E+01
9.344E+01
8.943E+01
8.578E+01
7.161E+01
6.183E+01
5.464E+01
4.914E+01
4.477E+01
4.122E+01
3.827E+01
3.579E+01
3.182E+01
2.879E+01
2.640E+01
2.446E+01
2.286E+01
2.152E+01
2.037E+01
1.938E+01
1.852E+01
1.776E+01
1.709E+01
1.649E+01
1.595E+01
1.547E+01

#141:2:122
4.060E+01
4.854E+01
5.516E+01
6.095E+01
6.615E+01
7.533E+01
8.338E+01
9.064E+01
9.729E+01
1.035E+02
1.093E+02
1.148E+02
1.273E+02
1.387E+02
1.492E+02
1.589E+02
1.680E+02
1.767E+02
1.849E+02
1.928E+02
2.076E+02
2.213E+02
2.342E+02
2.464E+02
2.580E+02
2.691E+02
2.797E+02
2.899E+02
2.997E+02
3.091E+02
3.183E+02
3.271E+02
3.357E+02
3.440E+02
3.823E+02
4.158E+02
4.456E+02
4.721E+02
4.957E+02
5.167E+02
5.354E+02
5.518E+02
5.789E+02
5.992E+02
6.138E+02
6.238E+02
6.299E+02
6.330E+02
6.336E+02
6.323E+02
6.295E+02
6.255E+02
6.206E+02
6.151E+02
6.091E+02
6.028E+02
5.677E+02
5.330E+02
5.018E+02
4.744E+02
4.503E+02
4.290E+02
4.101E+02
3.933E+02
3.646E+02
3.409E+02
3.210E+02
3.040E+02
2.892E+02
2.759E+02
2.641E+02
2.536E+02
2.439E+02
2.350E+02
2.267E+02
2.189E+02
2.119E+02
2.054E+02
1.793E+02
1.602E+02
1.453E+02
1.334E+02
1.235E+02
1.153E+02
1.082E+02
1.021E+02
9.196E+01
8.389E+01
7.732E+01
7.182E+01
6.716E+01
6.315E+01
5.965E+01
5.658E+01
5.384E+01
5.140E+01
4.920E+01
4.720E+01
4.539E+01
4.372E+01
3.715E+01
3.250E+01
2.903E+01
2.633E+01
2.416E+01
2.238E+01
2.089E+01
1.962E+01
1.758E+01
1.601E+01
1.476E+01
1.374E+01
1.289E+01
1.218E+01
1.157E+01
1.103E+01
1.057E+01
1.016E+01
9.798E+00
9.474E+00
9.182E+00
8.919E+00

#155:2:122
1.598E+02
1.958E+02
2.260E+02
2.527E+02
2.768E+02
3.197E+02
3.574E+02
3.915E+02
4.229E+02
4.521E+02
4.795E+02
5.054E+02
5.651E+02
6.190E+02
6.686E+02
7.148E+02
7.581E+02
7.991E+02
8.381E+02
8.753E+02
9.454E+02
1.011E+03
1.072E+03
1.130E+03
1.185E+03
1.237E+03
1.288E+03
1.336E+03
1.383E+03
1.428E+03
1.471E+03
1.514E+03
1.555E+03
1.594E+03
1.779E+03
1.945E+03
2.094E+03
2.230E+03
2.354E+03
2.468E+03
2.571E+03
2.666E+03
2.830E+03
2.961E+03
3.060E+03
3.130E+03
3.172E+03
3.189E+03
3.185E+03
3.164E+03
3.129E+03
3.086E+03
3.038E+03
2.986E+03
2.931E+03
2.876E+03
2.578E+03
2.306E+03
2.084E+03
1.907E+03
1.763E+03
1.642E+03
1.539E+03
1.450E+03
1.303E+03
1.185E+03
1.089E+03
1.010E+03
9.419E+02
8.836E+02
8.328E+02
7.881E+02
7.484E+02
7.129E+02
6.809E+02
6.520E+02
6.257E+02
6.017E+02
5.066E+02
4.393E+02
3.890E+02
3.498E+02
3.184E+02
2.926E+02
2.709E+02
2.525E+02
2.228E+02
1.998E+02
1.815E+02
1.665E+02
1.540E+02
1.434E+02
1.342E+02
1.263E+02
1.193E+02
1.132E+02
1.077E+02
1.027E+02
9.826E+01
9.421E+01
7.848E+01
6.765E+01
5.971E+01
5.364E+01
4.883E+01
4.492E+01
4.169E+01
3.896E+01
3.460E+01
3.128E+01
2.867E+01
2.655E+01
2.480E+01
2.333E+01
2.208E+01
2.100E+01
2.005E+01
1.923E+01
1.850E+01
1.784E+01
1.726E+01
1.673E+01

#160:2:122
9.958E+01
1.235E+02
1.440E+02
1.621E+02
1.786E+02
2.081E+02
2.343E+02
2.582E+02
2.802E+02
3.008E+02
3.203E+02
3.387E+02
3.814E+02
4.202E+02
4.560E+02
4.895E+02
5.210E+02
5.510E+02
5.795E+02
6.068E+02
6.583E+02
7.063E+02
7.515E+02
7.942E+02
8.349E+02
8.737E+02
9.109E+02
9.466E+02
9.810E+02
1.014E+03
1.046E+03
1.077E+03
1.108E+03
1.137E+03
1.271E+03
1.390E+03
1.495E+03
1.590E+03
1.675E+03
1.751E+03
1.820E+03
1.882E+03
1.988E+03
2.072E+03
2.138E+03
2.188E+03
2.225E+03
2.250E+03
2.265E+03
2.271E+03
2.271E+03
2.264E+03
2.253E+03
2.237E+03
2.218E+03
2.197E+03
2.048E+03
1.886E+03
1.738E+03
1.609E+03
1.497E+03
1.401E+03
1.317E+03
1.244E+03
1.122E+03
1.025E+03
9.446E+02
8.774E+02
8.200E+02
7.707E+02
7.275E+02
6.893E+02
6.554E+02
6.252E+02
5.978E+02
5.731E+02
5.505E+02
5.299E+02
4.480E+02
3.898E+02
3.462E+02
3.121E+02
2.847E+02
2.621E+02
2.431E+02
2.269E+02
2.006E+02
1.803E+02
1.640E+02
1.507E+02
1.395E+02
1.300E+02
1.219E+02
1.147E+02
1.085E+02
1.030E+02
9.802E+01
9.358E+01
8.956E+01
8.592E+01
7.172E+01
6.192E+01
5.473E+01
4.921E+01
4.483E+01
4.128E+01
3.833E+01
3.584E+01
3.187E+01
2.883E+01
2.644E+01
2.450E+01
2.290E+01
2.155E+01
2.040E+01
1.941E+01
1.855E+01
1.779E+01
1.711E+01
1.651E+01
1.598E+01
1.549E+01

#169:2:122
8.385E+01
1.021E+02
1.175E+02
1.310E+02
1.433E+02
1.650E+02
1.841E+02
2.014E+02
2.172E+02
2.320E+02
2.459E+02
2.590E+02
2.892E+02
3.165E+02
3.415E+02
3.648E+02
3.867E+02
4.074E+02
4.271E+02
4.458E+02
4.811E+02
5.138E+02
5.444E+02
5.732E+02
6.006E+02
6.266E+02
6.515E+02
6.753E+02
6.981E+02
7.201E+02
7.413E+02
7.617E+02
7.815E+02
8.006E+02
8.880E+02
9.639E+02
1.031E+03
1.090E+03
1.142E+03
1.189E+03
1.231E+03
1.268E+03
1.330E+03
1.378E+03
1.414E+03
1.441E+03
1.460E+03
1.473E+03
1.481E+03
1.485E+03
1.484E+03
1.481E+03
1.475E+03
1.466E+03
1.456E+03
1.445E+03
1.389E+03
1.323E+03
1.249E+03
1.171E+03
1.095E+03
1.029E+03
9.714E+02
9.207E+02
8.359E+02
7.680E+02
7.115E+02
6.638E+02
6.228E+02
5.874E+02
5.561E+02
5.284E+02
5.037E+02
4.815E+02
4.614E+02
4.432E+02
4.265E+02
4.112E+02
3.500E+02
3.062E+02
2.731E+02
2.472E+02
2.262E+02
2.088E+02
1.941E+02
1.815E+02
1.611E+02
1.452E+02
1.325E+02
1.219E+02
1.131E+02
1.056E+02
9.914E+01
9.348E+01
8.850E+01
8.408E+01
8.013E+01
7.657E+01
7.335E+01
7.042E+01
5.898E+01
5.105E+01
4.521E+01
4.072E+01
3.715E+01
3.424E+01
3.183E+01
2.979E+01
2.653E+01
2.403E+01
2.206E+01
2.046E+01
1.914E+01
1.802E+01
1.707E+01
1.625E+01
1.554E+01
1.491E+01
1.435E+01
1.386E+01
1.341E+01
1.301E+01

#179:2:122
1.655E+02
1.976E+02
2.242E+02
2.472E+02
2.678E+02
3.040E+02
3.354E+02
3.635E+02
3.891E+02
4.128E+02
4.348E+02
4.556E+02
5.029E+02
5.452E+02
5.838E+02
6.194E+02
6.526E+02
6.838E+02
7.133E+02
7.413E+02
7.935E+02
8.416E+02
8.863E+02
9.282E+02
9.677E+02
1.005E+03
1.041E+03
1.074E+03
1.107E+03
1.138E+03
1.167E+03
1.196E+03
1.223E+03
1.250E+03
1.369E+03
1.471E+03
1.560E+03
1.636E+03
1.703E+03
1.762E+03
1.812E+03
1.857E+03
1.928E+03
1.981E+03
2.018E+03
2.042E+03
2.056E+03
2.062E+03
2.061E+03
2.054E+03
2.043E+03
2.028E+03
2.010E+03
1.990E+03
1.969E+03
1.946E+03
1.819E+03
1.688E+03
1.565E+03
1.451E+03
1.350E+03
1.264E+03
1.190E+03
1.125E+03
1.017E+03
9.298E+02
8.583E+02
7.982E+02
7.470E+02
7.028E+02
6.640E+02
6.298E+02
5.993E+02
5.719E+02
5.472E+02
5.248E+02
5.044E+02
4.857E+02
4.112E+02
3.582E+02
3.182E+02
2.870E+02
2.618E+02
2.411E+02
2.236E+02
2.087E+02
1.847E+02
1.660E+02
1.510E+02
1.387E+02
1.284E+02
1.197E+02
1.122E+02
1.057E+02
9.992E+01
9.482E+01
9.027E+01
8.619E+01
8.249E+01
7.913E+01
6.607E+01
5.704E+01
5.042E+01
4.534E+01
4.131E+01
3.804E+01
3.532E+01
3.303E+01
2.937E+01
2.658E+01
2.437E+01
2.259E+01
2.111E+01
1.987E+01
1.881E+01
1.790E+01
1.710E+01
1.640E+01
1.578E+01
1.523E+01
1.473E+01
1.428E+01

#185:2:122
1.187E+02
1.426E+02
1.625E+02
1.797E+02
1.952E+02
2.224E+02
2.460E+02
2.672E+02
2.865E+02
3.043E+02
3.210E+02
3.366E+02
3.724E+02
4.044E+02
4.335E+02
4.604E+02
4.855E+02
5.091E+02
5.314E+02
5.526E+02
5.921E+02
6.285E+02
6.624E+02
6.941E+02
7.241E+02
7.524E+02
7.794E+02
8.051E+02
8.296E+02
8.532E+02
8.759E+02
8.976E+02
9.187E+02
9.389E+02
1.031E+03
1.110E+03
1.179E+03
1.240E+03
1.294E+03
1.341E+03
1.383E+03
1.421E+03
1.483E+03
1.530E+03
1.566E+03
1.592E+03
1.610E+03
1.621E+03
1.627E+03
1.627E+03
1.624E+03
1.618E+03
1.609E+03
1.598E+03
1.585E+03
1.571E+03
1.483E+03
1.387E+03
1.296E+03
1.214E+03
1.140E+03
1.074E+03
1.015E+03
9.622E+02
8.720E+02
7.997E+02
7.395E+02
6.885E+02
6.448E+02
6.069E+02
5.737E+02
5.444E+02
5.183E+02
4.949E+02
4.736E+02
4.543E+02
4.367E+02
4.206E+02
3.566E+02
3.109E+02
2.766E+02
2.496E+02
2.279E+02
2.100E+02
1.950E+02
1.821E+02
1.613E+02
1.451E+02
1.321E+02
1.214E+02
1.125E+02
1.049E+02
9.837E+01
9.267E+01
8.767E+01
8.323E+01
7.926E+01
7.569E+01
7.247E+01
6.953E+01
5.811E+01
5.021E+01
4.441E+01
3.995E+01
3.642E+01
3.354E+01
3.116E+01
2.914E+01
2.593E+01
2.347E+01
2.153E+01
1.995E+01
1.865E+01
1.756E+01
1.663E+01
1.582E+01
1.512E+01
1.451E+01
1.396E+01
1.347E+01
1.303E+01
1.264E+01

#189:2:122
1.327E+02
1.594E+02
1.816E+02
2.009E+02
2.182E+02
2.486E+02
2.750E+02
2.987E+02
3.204E+02
3.404E+02
3.591E+02
3.766E+02
4.168E+02
4.527E+02
4.855E+02
5.158E+02
5.440E+02
5.706E+02
5.958E+02
6.197E+02
6.643E+02
7.056E+02
7.439E+02
7.799E+02
8.139E+02
8.461E+02
8.768E+02
9.061E+02
9.342E+02
9.611E+02
9.870E+02
1.012E+03
1.036E+03
1.059E+03
1.166E+03
1.258E+03
1.338E+03
1.410E+03
1.474E+03
1.531E+03
1.583E+03
1.628E+03
1.706E+03
1.767E+03
1.814E+03
1.849E+03
1.874E+03
1.891E+03
1.899E+03
1.902E+03
1.899E+03
1.891E+03
1.875E+03
1.852E+03
1.825E+03
1.795E+03
1.638E+03
1.494E+03
1.375E+03
1.276E+03
1.193E+03
1.121E+03
1.058E+03
1.002E+03
9.088E+02
8.332E+02
7.705E+02
7.176E+02
6.724E+02
6.332E+02
5.988E+02
5.683E+02
5.412E+02
5.169E+02
4.948E+02
4.749E+02
4.566E+02
4.399E+02
3.732E+02
3.255E+02
2.896E+02
2.615E+02
2.388E+02
2.201E+02
2.043E+02
1.908E+02
1.690E+02
1.520E+02
1.384E+02
1.272E+02
1.178E+02
1.099E+02
1.030E+02
9.708E+01
9.183E+01
8.718E+01
8.302E+01
7.928E+01
7.590E+01
7.283E+01
6.086E+01
5.259E+01
4.651E+01
4.184E+01
3.814E+01
3.513E+01
3.263E+01
3.052E+01
2.715E+01
2.458E+01
2.254E+01
2.090E+01
1.954E+01
1.839E+01
1.741E+01
1.657E+01
1.584E+01
1.519E+01
1.462E+01
1.411E+01
1.365E+01
1.324E+01

#191:2:122
1.736E+02
2.090E+02
2.385E+02
2.643E+02
2.876E+02
3.287E+02
3.647E+02
3.971E+02
4.269E+02
4.545E+02
4.804E+02
5.049E+02
5.610E+02
6.116E+02
6.580E+02
7.011E+02
7.416E+02
7.798E+02
8.160E+02
8.506E+02
9.154E+02
9.756E+02
1.032E+03
1.085E+03
1.135E+03
1.182E+03
1.228E+03
1.271E+03
1.313E+03
1.353E+03
1.392E+03
1.429E+03
1.465E+03
1.499E+03
1.657E+03
1.792E+03
1.910E+03
2.012E+03
2.101E+03
2.179E+03
2.247E+03
2.305E+03
2.398E+03
2.463E+03
2.507E+03
2.533E+03
2.544E+03
2.544E+03
2.534E+03
2.517E+03
2.494E+03
2.468E+03
2.437E+03
2.405E+03
2.371E+03
2.335E+03
2.154E+03
1.981E+03
1.825E+03
1.686E+03
1.564E+03
1.460E+03
1.372E+03
1.295E+03
1.167E+03
1.064E+03
9.804E+02
9.102E+02
8.504E+02
7.989E+02
7.538E+02
7.142E+02
6.789E+02
6.473E+02
6.188E+02
5.930E+02
5.694E+02
5.479E+02
4.626E+02
4.021E+02
3.567E+02
3.213E+02
2.928E+02
2.694E+02
2.497E+02
2.330E+02
2.059E+02
1.849E+02
1.681E+02
1.543E+02
1.428E+02
1.331E+02
1.247E+02
1.174E+02
1.110E+02
1.053E+02
1.002E+02
9.565E+01
9.153E+01
8.779E+01
7.324E+01
6.320E+01
5.583E+01
5.019E+01
4.572E+01
4.208E+01
3.907E+01
3.652E+01
3.246E+01
2.937E+01
2.692E+01
2.494E+01
2.331E+01
2.193E+01
2.076E+01
1.975E+01
1.887E+01
1.810E+01
1.741E+01
1.680E+01
1.625E+01
1.575E+01

#197:2:122
1.975E+02
2.418E+02
2.793E+02
3.122E+02
3.420E+02
3.949E+02
4.415E+02
4.837E+02
5.224E+02
5.585E+02
5.924E+02
6.244E+02
6.981E+02
7.648E+02
8.260E+02
8.831E+02
9.366E+02
9.873E+02
1.035E+03
1.081E+03
1.168E+03
1.249E+03
1.324E+03
1.396E+03
1.464E+03
1.529E+03
1.591E+03
1.650E+03
1.708E+03
1.764E+03
1.818E+03
1.870E+03
1.920E+03
1.970E+03
2.198E+03
2.402E+03
2.586E+03
2.754E+03
2.907E+03
3.047E+03
3.175E+03
3.291E+03
3.492E+03
3.652E+03
3.773E+03
3.856E+03
3.905E+03
3.921E+03
3.899E+03
3.849E+03
3.783E+03
3.708E+03
3.627E+03
3.544E+03
3.460E+03
3.378E+03
2.998E+03
2.685E+03
2.432E+03
2.226E+03
2.055E+03
1.911E+03
1.789E+03
1.683E+03
1.508E+03
1.370E+03
1.257E+03
1.163E+03
1.084E+03
1.015E+03
9.559E+02
9.037E+02
8.575E+02
8.162E+02
7.791E+02
7.455E+02
7.149E+02
6.871E+02
5.771E+02
4.996E+02
4.418E+02
3.968E+02
3.608E+02
3.313E+02
3.066E+02
2.856E+02
2.518E+02
2.256E+02
2.048E+02
1.877E+02
1.735E+02
1.615E+02
1.511E+02
1.422E+02
1.343E+02
1.273E+02
1.211E+02
1.155E+02
1.105E+02
1.059E+02
8.813E+01
7.592E+01
6.698E+01
6.014E+01
5.472E+01
5.033E+01
4.669E+01
4.362E+01
3.873E+01
3.500E+01
3.207E+01
2.969E+01
2.773E+01
2.608E+01
2.467E+01
2.346E+01
2.241E+01
2.148E+01
2.066E+01
1.993E+01
1.927E+01
1.868E+01

#200:2:122
1.635E+02
1.966E+02
2.241E+02
2.482E+02
2.698E+02
3.080E+02
3.414E+02
3.714E+02
3.989E+02
4.244E+02
4.483E+02
4.709E+02
5.225E+02
5.690E+02
6.116E+02
6.511E+02
6.880E+02
7.229E+02
7.560E+02
7.875E+02
8.466E+02
9.013E+02
9.523E+02
1.000E+03
1.046E+03
1.089E+03
1.130E+03
1.169E+03
1.207E+03
1.243E+03
1.278E+03
1.311E+03
1.344E+03
1.375E+03
1.516E+03
1.638E+03
1.744E+03
1.836E+03
1.916E+03
1.986E+03
2.048E+03
2.101E+03
2.185E+03
2.247E+03
2.288E+03
2.314E+03
2.327E+03
2.330E+03
2.325E+03
2.312E+03
2.295E+03
2.273E+03
2.249E+03
2.222E+03
2.193E+03
2.163E+03
2.002E+03
1.846E+03
1.703E+03
1.575E+03
1.463E+03
1.368E+03
1.286E+03
1.215E+03
1.097E+03
1.001E+03
9.232E+02
8.577E+02
8.020E+02
7.539E+02
7.117E+02
6.746E+02
6.416E+02
6.119E+02
5.852E+02
5.610E+02
5.390E+02
5.188E+02
4.386E+02
3.816E+02
3.388E+02
3.054E+02
2.785E+02
2.563E+02
2.377E+02
2.218E+02
1.962E+02
1.762E+02
1.603E+02
1.472E+02
1.363E+02
1.270E+02
1.190E+02
1.121E+02
1.060E+02
1.006E+02
9.575E+01
9.141E+01
8.748E+01
8.391E+01
7.004E+01
6.046E+01
5.343E+01
4.804E+01
4.377E+01
4.030E+01
3.742E+01
3.499E+01
3.111E+01
2.814E+01
2.581E+01
2.391E+01
2.235E+01
2.103E+01
1.991E+01
1.894E+01
1.810E+01
1.736E+01
1.670E+01
1.612E+01
1.559E+01
1.512E+01

#201:2:122
1.045E+02
1.292E+02
1.502E+02
1.688E+02
1.858E+02
2.161E+02
2.429E+02
2.674E+02
2.900E+02
3.111E+02
3.310E+02
3.498E+02
3.935E+02
4.331E+02
4.697E+02
5.039E+02
5.362E+02
5.667E+02
5.959E+02
6.237E+02
6.763E+02
7.254E+02
7.715E+02
8.151E+02
8.566E+02
8.962E+02
9.341E+02
9.706E+02
1.006E+03
1.040E+03
1.072E+03
1.104E+03
1.135E+03
1.165E+03
1.302E+03
1.422E+03
1.530E+03
1.626E+03
1.712E+03
1.790E+03
1.860E+03
1.922E+03
2.029E+03
2.113E+03
2.178E+03
2.228E+03
2.263E+03
2.286E+03
2.299E+03
2.304E+03
2.302E+03
2.293E+03
2.280E+03
2.262E+03
2.242E+03
2.218E+03
2.059E+03
1.888E+03
1.735E+03
1.604E+03
1.492E+03
1.396E+03
1.312E+03
1.240E+03
1.118E+03
1.021E+03
9.411E+02
8.741E+02
8.170E+02
7.679E+02
7.249E+02
6.868E+02
6.531E+02
6.229E+02
5.957E+02
5.710E+02
5.486E+02
5.280E+02
4.464E+02
3.884E+02
3.449E+02
3.109E+02
2.836E+02
2.610E+02
2.421E+02
2.259E+02
1.998E+02
1.795E+02
1.633E+02
1.500E+02
1.389E+02
1.294E+02
1.213E+02
1.142E+02
1.080E+02
1.025E+02
9.756E+01
9.314E+01
8.914E+01
8.551E+01
7.137E+01
6.162E+01
5.445E+01
4.896E+01
4.461E+01
4.107E+01
3.813E+01
3.565E+01
3.170E+01
2.868E+01
2.630E+01
2.437E+01
2.278E+01
2.143E+01
2.029E+01
1.931E+01
1.845E+01
1.769E+01
1.702E+01
1.643E+01
1.589E+01
1.541E+01

#202:2:122
1.047E+02
1.294E+02
1.505E+02
1.692E+02
1.862E+02
2.165E+02
2.434E+02
2.679E+02
2.905E+02
3.117E+02
3.316E+02
3.505E+02
3.942E+02
4.339E+02
4.706E+02
5.049E+02
5.372E+02
5.678E+02
5.969E+02
6.249E+02
6.775E+02
7.267E+02
7.728E+02
8.165E+02
8.581E+02
8.978E+02
9.358E+02
9.723E+02
1.007E+03
1.041E+03
1.074E+03
1.106E+03
1.137E+03
1.167E+03
1.304E+03
1.425E+03
1.532E+03
1.629E+03
1.715E+03
1.793E+03
1.863E+03
1.925E+03
2.032E+03
2.116E+03
2.181E+03
2.230E+03
2.265E+03
2.289E+03
2.302E+03
2.306E+03
2.304E+03
2.295E+03
2.282E+03
2.264E+03
2.244E+03
2.220E+03
2.063E+03
1.894E+03
1.742E+03
1.611E+03
1.498E+03
1.401E+03
1.318E+03
1.244E+03
1.123E+03
1.025E+03
9.445E+02
8.772E+02
8.199E+02
7.706E+02
7.273E+02
6.892E+02
6.553E+02
6.250E+02
5.977E+02
5.729E+02
5.504E+02
5.297E+02
4.478E+02
3.896E+02
3.459E+02
3.118E+02
2.844E+02
2.618E+02
2.428E+02
2.265E+02
2.003E+02
1.800E+02
1.637E+02
1.504E+02
1.392E+02
1.298E+02
1.216E+02
1.145E+02
1.083E+02
1.027E+02
9.781E+01
9.337E+01
8.936E+01
8.572E+01
7.154E+01
6.176E+01
5.458E+01
4.908E+01
4.471E+01
4.116E+01
3.822E+01
3.574E+01
3.177E+01
2.875E+01
2.636E+01
2.442E+01
2.283E+01
2.148E+01
2.034E+01
1.935E+01
1.849E+01
1.773E+01
1.706E+01
1.646E+01
1.592E+01
1.544E+01

#203:2:122
1.117E+02
1.375E+02
1.594E+02
1.788E+02
1.965E+02
2.279E+02
2.557E+02
2.810E+02
3.044E+02
3.262E+02
3.467E+02
3.662E+02
4.112E+02
4.520E+02
4.897E+02
5.250E+02
5.581E+02
5.895E+02
6.195E+02
6.481E+02
7.022E+02
7.525E+02
7.999E+02
8.446E+02
8.872E+02
9.279E+02
9.668E+02
1.004E+03
1.040E+03
1.075E+03
1.108E+03
1.141E+03
1.172E+03
1.203E+03
1.343E+03
1.467E+03
1.576E+03
1.674E+03
1.762E+03
1.841E+03
1.912E+03
1.975E+03
2.081E+03
2.165E+03
2.230E+03
2.277E+03
2.310E+03
2.331E+03
2.342E+03
2.344E+03
2.339E+03
2.329E+03
2.313E+03
2.293E+03
2.270E+03
2.244E+03
2.074E+03
1.896E+03
1.739E+03
1.607E+03
1.494E+03
1.398E+03
1.314E+03
1.241E+03
1.120E+03
1.022E+03
9.424E+02
8.753E+02
8.181E+02
7.689E+02
7.258E+02
6.877E+02
6.539E+02
6.237E+02
5.964E+02
5.717E+02
5.492E+02
5.286E+02
4.469E+02
3.888E+02
3.452E+02
3.112E+02
2.838E+02
2.612E+02
2.422E+02
2.261E+02
1.999E+02
1.796E+02
1.634E+02
1.500E+02
1.389E+02
1.295E+02
1.213E+02
1.142E+02
1.080E+02
1.025E+02
9.758E+01
9.315E+01
8.915E+01
8.552E+01
7.137E+01
6.161E+01
5.445E+01
4.896E+01
4.460E+01
4.106E+01
3.813E+01
3.565E+01
3.169E+01
2.867E+01
2.629E+01
2.436E+01
2.277E+01
2.143E+01
2.028E+01
1.930E+01
1.844E+01
1.768E+01
1.701E+01
1.642E+01
1.588E+01
1.540E+01

#204:2:122
1.082E+02
1.335E+02
1.550E+02
1.741E+02
1.914E+02
2.224E+02
2.498E+02
2.748E+02
2.978E+02
3.193E+02
3.396E+02
3.589E+02
4.033E+02
4.437E+02
4.810E+02
5.159E+02
5.487E+02
5.798E+02
6.095E+02
6.379E+02
6.914E+02
7.414E+02
7.883E+02
8.327E+02
8.750E+02
9.153E+02
9.539E+02
9.911E+02
1.027E+03
1.061E+03
1.095E+03
1.127E+03
1.158E+03
1.189E+03
1.328E+03
1.451E+03
1.560E+03
1.658E+03
1.745E+03
1.824E+03
1.895E+03
1.958E+03
2.065E+03
2.150E+03
2.215E+03
2.263E+03
2.298E+03
2.320E+03
2.332E+03
2.335E+03
2.331E+03
2.321E+03
2.306E+03
2.287E+03
2.265E+03
2.240E+03
2.075E+03
1.901E+03
1.746E+03
1.613E+03
1.501E+03
1.404E+03
1.320E+03
1.247E+03
1.125E+03
1.027E+03
9.463E+02
8.788E+02
8.214E+02
7.720E+02
7.286E+02
6.904E+02
6.564E+02
6.261E+02
5.987E+02
5.739E+02
5.513E+02
5.306E+02
4.485E+02
3.902E+02
3.465E+02
3.123E+02
2.848E+02
2.622E+02
2.431E+02
2.269E+02
2.006E+02
1.802E+02
1.639E+02
1.506E+02
1.394E+02
1.299E+02
1.218E+02
1.147E+02
1.084E+02
1.029E+02
9.793E+01
9.349E+01
8.947E+01
8.582E+01
7.163E+01
6.183E+01
5.464E+01
4.913E+01
4.476E+01
4.121E+01
3.826E+01
3.577E+01
3.181E+01
2.878E+01
2.639E+01
2.445E+01
2.285E+01
2.150E+01
2.036E+01
1.937E+01
1.850E+01
1.775E+01
1.708E+01
1.648E+01
1.594E+01
1.545E+01

#209:2:122
1.674E+02
2.016E+02
2.303E+02
2.554E+02
2.780E+02
3.179E+02
3.529E+02
3.844E+02
4.134E+02
4.403E+02
4.655E+02
4.893E+02
5.440E+02
5.933E+02
6.386E+02
6.806E+02
7.201E+02
7.573E+02
7.927E+02
8.264E+02
8.897E+02
9.485E+02
1.003E+03
1.055E+03
1.104E+03
1.151E+03
1.195E+03
1.238E+03
1.279E+03
1.318E+03
1.356E+03
1.392E+03
1.427E+03
1.461E+03
1.617E+03
1.750E+03
1.867E+03
1.969E+03
2.059E+03
2.138E+03
2.207E+03
2.267E+03
2.363E+03
2.433E+03
2.482E+03
2.512E+03
2.527E+03
2.531E+03
2.525E+03
2.511E+03
2.491E+03
2.467E+03
2.439E+03
2.408E+03
2.375E+03
2.340E+03
2.160E+03
1.987E+03
1.830E+03
1.690E+03
1.567E+03
1.463E+03
1.374E+03
1.297E+03
1.169E+03
1.066E+03
9.813E+02
9.108E+02
8.509E+02
7.993E+02
7.541E+02
7.144E+02
6.790E+02
6.474E+02
6.189E+02
5.930E+02
5.695E+02
5.479E+02
4.625E+02
4.019E+02
3.565E+02
3.210E+02
2.925E+02
2.690E+02
2.494E+02
2.326E+02
2.055E+02
1.845E+02
1.677E+02
1.539E+02
1.424E+02
1.327E+02
1.243E+02
1.170E+02
1.106E+02
1.049E+02
9.986E+01
9.531E+01
9.120E+01
8.746E+01
7.294E+01
6.293E+01
5.558E+01
4.995E+01
4.550E+01
4.187E+01
3.887E+01
3.633E+01
3.229E+01
2.921E+01
2.677E+01
2.480E+01
2.318E+01
2.181E+01
2.064E+01
1.963E+01
1.876E+01
1.799E+01
1.731E+01
1.670E+01
1.615E+01
1.566E+01

#213:2:122
1.938E+02
2.330E+02
2.658E+02
2.944E+02
3.203E+02
3.659E+02
4.059E+02
4.419E+02
4.750E+02
5.057E+02
5.345E+02
5.617E+02
6.242E+02
6.806E+02
7.323E+02
7.804E+02
8.255E+02
8.682E+02
9.086E+02
9.472E+02
1.020E+03
1.087E+03
1.150E+03
1.209E+03
1.265E+03
1.319E+03
1.370E+03
1.419E+03
1.465E+03
1.510E+03
1.554E+03
1.595E+03
1.636E+03
1.675E+03
1.852E+03
2.004E+03
2.137E+03
2.253E+03
2.354E+03
2.442E+03
2.518E+03
2.584E+03
2.688E+03
2.762E+03
2.810E+03
2.837E+03
2.848E+03
2.845E+03
2.832E+03
2.810E+03
2.782E+03
2.749E+03
2.713E+03
2.674E+03
2.633E+03
2.592E+03
2.381E+03
2.184E+03
2.007E+03
1.851E+03
1.714E+03
1.598E+03
1.500E+03
1.414E+03
1.272E+03
1.158E+03
1.066E+03
9.884E+02
9.227E+02
8.661E+02
8.167E+02
7.732E+02
7.345E+02
6.999E+02
6.688E+02
6.406E+02
6.149E+02
5.914E+02
4.984E+02
4.326E+02
3.833E+02
3.449E+02
3.140E+02
2.886E+02
2.674E+02
2.493E+02
2.201E+02
1.974E+02
1.794E+02
1.646E+02
1.522E+02
1.418E+02
1.328E+02
1.249E+02
1.181E+02
1.120E+02
1.066E+02
1.017E+02
9.728E+01
9.328E+01
7.774E+01
6.703E+01
5.918E+01
5.317E+01
4.842E+01
4.455E+01
4.134E+01
3.864E+01
3.433E+01
3.104E+01
2.845E+01
2.635E+01
2.462E+01
2.316E+01
2.192E+01
2.085E+01
1.992E+01
1.910E+01
1.837E+01
1.772E+01
1.714E+01
1.662E+01

#215:2:122
4.669E+01
5.718E+01
6.606E+01
7.391E+01
8.104E+01
9.375E+01
1.050E+02
1.152E+02
1.247E+02
1.335E+02
1.418E+02
1.496E+02
1.678E+02
1.843E+02
1.996E+02
2.138E+02
2.273E+02
2.400E+02
2.521E+02
2.638E+02
2.857E+02
3.062E+02
3.254E+02
3.436E+02
3.610E+02
3.775E+02
3.934E+02
4.087E+02
4.233E+02
4.375E+02
4.512E+02
4.645E+02
4.773E+02
4.898E+02
5.470E+02
5.973E+02
6.417E+02
6.812E+02
7.163E+02
7.476E+02
7.755E+02
8.002E+02
8.415E+02
8.735E+02
8.978E+02
9.158E+02
9.286E+02
9.371E+02
9.400E+02
9.384E+02
9.338E+02
9.270E+02
9.186E+02
9.092E+02
8.991E+02
8.885E+02
8.337E+02
7.818E+02
7.351E+02
6.937E+02
6.571E+02
6.246E+02
5.955E+02
5.695E+02
5.245E+02
4.872E+02
4.556E+02
4.285E+02
4.049E+02
3.839E+02
3.652E+02
3.486E+02
3.338E+02
3.205E+02
3.083E+02
2.972E+02
2.870E+02
2.778E+02
2.400E+02
2.125E+02
1.914E+02
1.746E+02
1.609E+02
1.494E+02
1.396E+02
1.312E+02
1.175E+02
1.066E+02
9.781E+01
9.051E+01
8.434E+01
7.906E+01
7.448E+01
7.046E+01
6.690E+01
6.373E+01
6.089E+01
5.831E+01
5.598E+01
5.385E+01
4.547E+01
3.960E+01
3.524E+01
3.186E+01
2.917E+01
2.696E+01
2.512E+01
2.356E+01
2.106E+01
1.914E+01
1.761E+01
1.637E+01
1.534E+01
1.447E+01
1.373E+01
1.308E+01
1.252E+01
1.203E+01
1.159E+01
1.120E+01
1.085E+01
1.053E+01

#216:2:122
1.924E+02
2.298E+02
2.608E+02
2.878E+02
3.120E+02
3.544E+02
3.914E+02
4.246E+02
4.548E+02
4.828E+02
5.090E+02
5.337E+02
5.900E+02
6.405E+02
6.866E+02
7.293E+02
7.692E+02
8.067E+02
8.422E+02
8.760E+02
9.392E+02
9.975E+02
1.052E+03
1.103E+03
1.151E+03
1.197E+03
1.240E+03
1.281E+03
1.321E+03
1.359E+03
1.395E+03
1.430E+03
1.464E+03
1.497E+03
1.644E+03
1.769E+03
1.878E+03
1.971E+03
2.053E+03
2.123E+03
2.184E+03
2.236E+03
2.319E+03
2.377E+03
2.414E+03
2.436E+03
2.445E+03
2.443E+03
2.433E+03
2.417E+03
2.396E+03
2.371E+03
2.343E+03
2.314E+03
2.283E+03
2.251E+03
2.091E+03
1.936E+03
1.791E+03
1.657E+03
1.537E+03
1.435E+03
1.349E+03
1.273E+03
1.148E+03
1.047E+03
9.648E+02
8.959E+02
8.373E+02
7.867E+02
7.424E+02
7.035E+02
6.688E+02
6.377E+02
6.097E+02
5.843E+02
5.612E+02
5.400E+02
4.560E+02
3.963E+02
3.515E+02
3.166E+02
2.885E+02
2.653E+02
2.459E+02
2.294E+02
2.027E+02
1.820E+02
1.654E+02
1.518E+02
1.405E+02
1.309E+02
1.226E+02
1.154E+02
1.091E+02
1.035E+02
9.851E+01
9.402E+01
8.996E+01
8.628E+01
7.195E+01
6.208E+01
5.483E+01
4.928E+01
4.488E+01
4.131E+01
3.835E+01
3.585E+01
3.186E+01
2.882E+01
2.642E+01
2.447E+01
2.287E+01
2.152E+01
2.037E+01
1.937E+01
1.851E+01
1.775E+01
1.708E+01
1.648E+01
1.594E+01
1.545E+01

#219:2:122
1.463E+02
1.781E+02
2.047E+02
2.281E+02
2.492E+02
2.864E+02
3.191E+02
3.485E+02
3.755E+02
4.006E+02
4.241E+02
4.462E+02
4.970E+02
5.428E+02
5.847E+02
6.235E+02
6.599E+02
6.942E+02
7.266E+02
7.576E+02
8.155E+02
8.691E+02
9.190E+02
9.659E+02
1.010E+03
1.052E+03
1.092E+03
1.130E+03
1.167E+03
1.202E+03
1.235E+03
1.268E+03
1.299E+03
1.329E+03
1.465E+03
1.581E+03
1.681E+03
1.768E+03
1.843E+03
1.908E+03
1.965E+03
2.013E+03
2.090E+03
2.144E+03
2.180E+03
2.201E+03
2.210E+03
2.209E+03
2.202E+03
2.188E+03
2.170E+03
2.149E+03
2.125E+03
2.099E+03
2.072E+03
2.044E+03
1.912E+03
1.785E+03
1.661E+03
1.543E+03
1.433E+03
1.340E+03
1.261E+03
1.191E+03
1.076E+03
9.824E+02
9.060E+02
8.420E+02
7.875E+02
7.405E+02
6.992E+02
6.629E+02
6.305E+02
6.015E+02
5.753E+02
5.516E+02
5.299E+02
5.101E+02
4.314E+02
3.754E+02
3.333E+02
3.004E+02
2.739E+02
2.521E+02
2.338E+02
2.181E+02
1.929E+02
1.733E+02
1.576E+02
1.447E+02
1.340E+02
1.248E+02
1.170E+02
1.101E+02
1.041E+02
9.881E+01
9.406E+01
8.979E+01
8.593E+01
8.242E+01
6.878E+01
5.937E+01
5.246E+01
4.717E+01
4.297E+01
3.956E+01
3.673E+01
3.434E+01
3.053E+01
2.762E+01
2.532E+01
2.346E+01
2.193E+01
2.064E+01
1.953E+01
1.859E+01
1.776E+01
1.703E+01
1.639E+01
1.581E+01
1.530E+01
1.483E+01

#221:2:122
1.682E+02
2.058E+02
2.375E+02
2.654E+02
2.907E+02
3.354E+02
3.748E+02
4.105E+02
4.432E+02
4.737E+02
5.023E+02
5.293E+02
5.914E+02
6.476E+02
6.991E+02
7.471E+02
7.921E+02
8.346E+02
8.749E+02
9.135E+02
9.859E+02
1.053E+03
1.116E+03
1.175E+03
1.232E+03
1.285E+03
1.336E+03
1.385E+03
1.432E+03
1.478E+03
1.521E+03
1.564E+03
1.604E+03
1.644E+03
1.825E+03
1.983E+03
2.122E+03
2.246E+03
2.355E+03
2.453E+03
2.539E+03
2.615E+03
2.740E+03
2.833E+03
2.899E+03
2.940E+03
2.962E+03
2.967E+03
2.958E+03
2.938E+03
2.908E+03
2.871E+03
2.829E+03
2.782E+03
2.732E+03
2.681E+03
2.418E+03
2.183E+03
1.987E+03
1.826E+03
1.691E+03
1.577E+03
1.480E+03
1.396E+03
1.257E+03
1.145E+03
1.053E+03
9.771E+02
9.124E+02
8.565E+02
8.078E+02
7.649E+02
7.267E+02
6.926E+02
6.618E+02
6.339E+02
6.086E+02
5.854E+02
4.935E+02
4.284E+02
3.797E+02
3.417E+02
3.111E+02
2.860E+02
2.650E+02
2.470E+02
2.181E+02
1.957E+02
1.778E+02
1.632E+02
1.510E+02
1.406E+02
1.317E+02
1.239E+02
1.171E+02
1.111E+02
1.057E+02
1.009E+02
9.649E+01
9.252E+01
7.712E+01
6.650E+01
5.872E+01
5.276E+01
4.804E+01
4.421E+01
4.103E+01
3.835E+01
3.407E+01
3.081E+01
2.824E+01
2.616E+01
2.444E+01
2.299E+01
2.176E+01
2.070E+01
1.977E+01
1.896E+01
1.824E+01
1.759E+01
1.702E+01
1.650E+01

#222:2:122
1.632E+02
1.953E+02
2.218E+02
2.449E+02
2.656E+02
3.019E+02
3.335E+02
3.618E+02
3.876E+02
4.115E+02
4.338E+02
4.548E+02
5.027E+02
5.457E+02
5.848E+02
6.210E+02
6.548E+02
6.866E+02
7.167E+02
7.453E+02
7.987E+02
8.479E+02
8.938E+02
9.368E+02
9.774E+02
1.016E+03
1.052E+03
1.087E+03
1.121E+03
1.153E+03
1.183E+03
1.213E+03
1.241E+03
1.269E+03
1.393E+03
1.500E+03
1.593E+03
1.673E+03
1.744E+03
1.806E+03
1.860E+03
1.908E+03
1.985E+03
2.042E+03
2.083E+03
2.110E+03
2.126E+03
2.133E+03
2.133E+03
2.126E+03
2.115E+03
2.100E+03
2.082E+03
2.061E+03
2.038E+03
2.014E+03
1.874E+03
1.731E+03
1.599E+03
1.482E+03
1.379E+03
1.290E+03
1.215E+03
1.148E+03
1.038E+03
9.485E+02
8.753E+02
8.138E+02
7.615E+02
7.163E+02
6.766E+02
6.416E+02
6.105E+02
5.825E+02
5.573E+02
5.344E+02
5.136E+02
4.945E+02
4.186E+02
3.645E+02
3.238E+02
2.920E+02
2.664E+02
2.452E+02
2.275E+02
2.123E+02
1.878E+02
1.688E+02
1.536E+02
1.411E+02
1.306E+02
1.217E+02
1.141E+02
1.074E+02
1.016E+02
9.642E+01
9.180E+01
8.764E+01
8.388E+01
8.046E+01
6.717E+01
5.800E+01
5.126E+01
4.610E+01
4.200E+01
3.867E+01
3.591E+01
3.358E+01
2.986E+01
2.702E+01
2.477E+01
2.296E+01
2.146E+01
2.019E+01
1.912E+01
1.819E+01
1.738E+01
1.667E+01
1.604E+01
1.548E+01
1.497E+01
1.452E+01

#223:2:122
1.187E+02
1.466E+02
1.703E+02
1.914E+02
2.104E+02
2.445E+02
2.747E+02
3.021E+02
3.273E+02
3.509E+02
3.731E+02
3.942E+02
4.427E+02
4.868E+02
5.274E+02
5.652E+02
6.009E+02
6.346E+02
6.667E+02
6.974E+02
7.551E+02
8.089E+02
8.593E+02
9.069E+02
9.520E+02
9.950E+02
1.036E+03
1.076E+03
1.113E+03
1.150E+03
1.185E+03
1.219E+03
1.252E+03
1.283E+03
1.428E+03
1.554E+03
1.665E+03
1.762E+03
1.848E+03
1.923E+03
1.990E+03
2.049E+03
2.144E+03
2.216E+03
2.266E+03
2.300E+03
2.320E+03
2.328E+03
2.327E+03
2.318E+03
2.302E+03
2.282E+03
2.259E+03
2.232E+03
2.203E+03
2.173E+03
2.008E+03
1.847E+03
1.702E+03
1.574E+03
1.464E+03
1.369E+03
1.288E+03
1.217E+03
1.099E+03
1.004E+03
9.256E+02
8.601E+02
8.044E+02
7.563E+02
7.141E+02
6.769E+02
6.438E+02
6.142E+02
5.874E+02
5.632E+02
5.411E+02
5.208E+02
4.404E+02
3.832E+02
3.403E+02
3.067E+02
2.797E+02
2.574E+02
2.387E+02
2.227E+02
1.970E+02
1.769E+02
1.609E+02
1.478E+02
1.368E+02
1.275E+02
1.195E+02
1.125E+02
1.064E+02
1.009E+02
9.609E+01
9.173E+01
8.778E+01
8.420E+01
7.027E+01
6.066E+01
5.360E+01
4.819E+01
4.391E+01
4.042E+01
3.753E+01
3.509E+01
3.120E+01
2.822E+01
2.588E+01
2.398E+01
2.241E+01
2.109E+01
1.997E+01
1.899E+01
1.815E+01
1.741E+01
1.675E+01
1.616E+01
1.563E+01
1.516E+01

#225:2:122
1.937E+02
2.328E+02
2.654E+02
2.939E+02
3.196E+02
3.650E+02
4.048E+02
4.406E+02
4.734E+02
5.039E+02
5.325E+02
5.596E+02
6.216E+02
6.775E+02
7.288E+02
7.765E+02
8.212E+02
8.634E+02
9.035E+02
9.418E+02
1.014E+03
1.080E+03
1.142E+03
1.201E+03
1.257E+03
1.309E+03
1.360E+03
1.408E+03
1.454E+03
1.499E+03
1.541E+03
1.583E+03
1.622E+03
1.661E+03
1.836E+03
1.986E+03
2.117E+03
2.231E+03
2.331E+03
2.417E+03
2.492E+03
2.557E+03
2.660E+03
2.732E+03
2.779E+03
2.806E+03
2.817E+03
2.814E+03
2.801E+03
2.780E+03
2.752E+03
2.720E+03
2.684E+03
2.646E+03
2.606E+03
2.565E+03
2.359E+03
2.165E+03
1.991E+03
1.836E+03
1.700E+03
1.585E+03
1.488E+03
1.403E+03
1.263E+03
1.150E+03
1.058E+03
9.813E+02
9.161E+02
8.600E+02
8.109E+02
7.678E+02
7.295E+02
6.951E+02
6.643E+02
6.362E+02
6.108E+02
5.875E+02
4.952E+02
4.298E+02
3.808E+02
3.427E+02
3.120E+02
2.868E+02
2.657E+02
2.477E+02
2.187E+02
1.962E+02
1.783E+02
1.636E+02
1.513E+02
1.409E+02
1.320E+02
1.242E+02
1.174E+02
1.113E+02
1.059E+02
1.011E+02
9.671E+01
9.274E+01
7.729E+01
6.665E+01
5.885E+01
5.287E+01
4.814E+01
4.430E+01
4.111E+01
3.843E+01
3.414E+01
3.087E+01
2.829E+01
2.621E+01
2.448E+01
2.303E+01
2.180E+01
2.074E+01
1.981E+01
1.899E+01
1.827E+01
1.763E+01
1.705E+01
1.653E+01

#226:2:122
1.530E+02
1.875E+02
2.166E+02
2.422E+02
2.653E+02
3.065E+02
3.427E+02
3.755E+02
4.056E+02
4.336E+02
4.600E+02
4.849E+02
5.421E+02
5.938E+02
6.413E+02
6.854E+02
7.269E+02
7.660E+02
8.031E+02
8.385E+02
9.050E+02
9.666E+02
1.024E+03
1.078E+03
1.130E+03
1.178E+03
1.225E+03
1.269E+03
1.312E+03
1.352E+03
1.392E+03
1.429E+03
1.466E+03
1.501E+03
1.661E+03
1.797E+03
1.915E+03
2.017E+03
2.106E+03
2.183E+03
2.249E+03
2.305E+03
2.394E+03
2.454E+03
2.492E+03
2.511E+03
2.516E+03
2.509E+03
2.494E+03
2.471E+03
2.443E+03
2.410E+03
2.376E+03
2.339E+03
2.301E+03
2.262E+03
2.070E+03
1.895E+03
1.742E+03
1.609E+03
1.493E+03
1.395E+03
1.312E+03
1.239E+03
1.119E+03
1.021E+03
9.414E+02
8.746E+02
8.178E+02
7.687E+02
7.257E+02
6.879E+02
6.541E+02
6.239E+02
5.966E+02
5.719E+02
5.494E+02
5.287E+02
4.468E+02
3.886E+02
3.448E+02
3.107E+02
2.832E+02
2.605E+02
2.415E+02
2.253E+02
1.991E+02
1.788E+02
1.626E+02
1.493E+02
1.382E+02
1.287E+02
1.206E+02
1.135E+02
1.073E+02
1.018E+02
9.693E+01
9.252E+01
8.853E+01
8.491E+01
7.083E+01
6.113E+01
5.400E+01
4.854E+01
4.422E+01
4.070E+01
3.778E+01
3.532E+01
3.140E+01
2.840E+01
2.604E+01
2.413E+01
2.254E+01
2.122E+01
2.008E+01
1.910E+01
1.825E+01
1.750E+01
1.684E+01
1.625E+01
1.572E+01
1.524E+01

#227:2:122
8.270E+01
9.997E+01
1.144E+02
1.271E+02
1.384E+02
1.585E+02
1.762E+02
1.920E+02
2.065E+02
2.200E+02
2.326E+02
2.445E+02
2.719E+02
2.964E+02
3.190E+02
3.398E+02
3.594E+02
3.778E+02
3.953E+02
4.120E+02
4.433E+02
4.722E+02
4.993E+02
5.247E+02
5.488E+02
5.717E+02
5.936E+02
6.145E+02
6.346E+02
6.539E+02
6.725E+02
6.904E+02
7.078E+02
7.246E+02
8.016E+02
8.689E+02
9.285E+02
9.819E+02
1.030E+03
1.073E+03
1.112E+03
1.148E+03
1.209E+03
1.260E+03
1.301E+03
1.334E+03
1.361E+03
1.382E+03
1.397E+03
1.408E+03
1.415E+03
1.419E+03
1.420E+03
1.418E+03
1.414E+03
1.409E+03
1.399E+03
1.373E+03
1.319E+03
1.246E+03
1.165E+03
1.095E+03
1.034E+03
9.794E+02
8.874E+02
8.137E+02
7.525E+02
7.008E+02
6.565E+02
6.181E+02
5.845E+02
5.548E+02
5.283E+02
5.046E+02
4.830E+02
4.635E+02
4.456E+02
4.293E+02
3.644E+02
3.180E+02
2.830E+02
2.556E+02
2.335E+02
2.153E+02
1.999E+02
1.868E+02
1.655E+02
1.489E+02
1.356E+02
1.247E+02
1.156E+02
1.078E+02
1.011E+02
9.525E+01
9.011E+01
8.557E+01
8.149E+01
7.783E+01
7.452E+01
7.151E+01
5.978E+01
5.167E+01
4.571E+01
4.113E+01
3.749E+01
3.454E+01
3.208E+01
3.001E+01
2.670E+01
2.418E+01
2.218E+01
2.056E+01
1.922E+01
1.810E+01
1.714E+01
1.631E+01
1.559E+01
1.495E+01
1.439E+01
1.389E+01
1.344E+01
1.303E+01

#232:2:122
9.427E+01
1.144E+02
1.313E+02
1.463E+02
1.599E+02
1.840E+02
2.055E+02
2.249E+02
2.429E+02
2.597E+02
2.755E+02
2.905E+02
3.253E+02
3.570E+02
3.863E+02
4.137E+02
4.395E+02
4.641E+02
4.876E+02
5.101E+02
5.526E+02
5.924E+02
6.299E+02
6.655E+02
6.994E+02
7.318E+02
7.629E+02
7.929E+02
8.218E+02
8.497E+02
8.767E+02
9.029E+02
9.282E+02
9.529E+02
1.067E+03
1.167E+03
1.255E+03
1.335E+03
1.405E+03
1.468E+03
1.525E+03
1.574E+03
1.657E+03
1.719E+03
1.764E+03
1.795E+03
1.814E+03
1.823E+03
1.824E+03
1.818E+03
1.807E+03
1.792E+03
1.774E+03
1.753E+03
1.731E+03
1.708E+03
1.591E+03
1.482E+03
1.385E+03
1.299E+03
1.222E+03
1.153E+03
1.092E+03
1.037E+03
9.417E+02
8.624E+02
7.958E+02
7.398E+02
6.923E+02
6.512E+02
6.154E+02
5.837E+02
5.556E+02
5.303E+02
5.075E+02
4.869E+02
4.680E+02
4.508E+02
3.821E+02
3.333E+02
2.965E+02
2.677E+02
2.445E+02
2.253E+02
2.092E+02
1.955E+02
1.732E+02
1.559E+02
1.421E+02
1.307E+02
1.211E+02
1.130E+02
1.060E+02
9.991E+01
9.455E+01
8.979E+01
8.553E+01
8.171E+01
7.824E+01
7.510E+01
6.282E+01
5.433E+01
4.808E+01
4.328E+01
3.947E+01
3.637E+01
3.379E+01
3.161E+01
2.814E+01
2.548E+01
2.338E+01
2.168E+01
2.027E+01
1.908E+01
1.807E+01
1.720E+01
1.644E+01
1.577E+01
1.518E+01
1.465E+01
1.418E+01
1.375E+01

#238:2:122
1.945E+02
2.347E+02
2.684E+02
2.980E+02
3.247E+02
3.720E+02
4.136E+02
4.512E+02
4.858E+02
5.180E+02
5.482E+02
5.768E+02
6.426E+02
7.022E+02
7.569E+02
8.080E+02
8.559E+02
9.013E+02
9.444E+02
9.856E+02
1.063E+03
1.135E+03
1.203E+03
1.267E+03
1.327E+03
1.385E+03
1.440E+03
1.492E+03
1.543E+03
1.592E+03
1.639E+03
1.684E+03
1.728E+03
1.771E+03
1.964E+03
2.131E+03
2.277E+03
2.404E+03
2.516E+03
2.613E+03
2.698E+03
2.771E+03
2.887E+03
2.969E+03
3.022E+03
3.053E+03
3.065E+03
3.061E+03
3.046E+03
3.021E+03
2.990E+03
2.953E+03
2.912E+03
2.868E+03
2.822E+03
2.775E+03
2.564E+03
2.372E+03
2.191E+03
2.022E+03
1.868E+03
1.739E+03
1.629E+03
1.534E+03
1.377E+03
1.252E+03
1.150E+03
1.065E+03
9.930E+02
9.311E+02
8.772E+02
8.299E+02
7.878E+02
7.502E+02
7.164E+02
6.858E+02
6.580E+02
6.325E+02
5.320E+02
4.611E+02
4.081E+02
3.668E+02
3.337E+02
3.066E+02
2.838E+02
2.645E+02
2.333E+02
2.092E+02
1.899E+02
1.742E+02
1.610E+02
1.499E+02
1.404E+02
1.320E+02
1.247E+02
1.183E+02
1.125E+02
1.073E+02
1.027E+02
9.844E+01
8.197E+01
7.064E+01
6.234E+01
5.599E+01
5.096E+01
4.688E+01
4.350E+01
4.065E+01
3.610E+01
3.263E+01
2.990E+01
2.769E+01
2.586E+01
2.432E+01
2.302E+01
2.189E+01
2.091E+01
2.004E+01
1.928E+01
1.860E+01
1.799E+01
1.744E+01

#245:2:122
6.890E+01
8.510E+01
9.885E+01
1.110E+02
1.221E+02
1.418E+02
1.593E+02
1.751E+02
1.898E+02
2.034E+02
2.163E+02
2.285E+02
2.566E+02
2.821E+02
3.057E+02
3.276E+02
3.483E+02
3.679E+02
3.865E+02
4.044E+02
4.379E+02
4.692E+02
4.985E+02
5.263E+02
5.526E+02
5.777E+02
6.017E+02
6.247E+02
6.469E+02
6.682E+02
6.888E+02
7.087E+02
7.280E+02
7.467E+02
8.322E+02
9.068E+02
9.726E+02
1.031E+03
1.083E+03
1.129E+03
1.170E+03
1.207E+03
1.268E+03
1.315E+03
1.351E+03
1.377E+03
1.396E+03
1.409E+03
1.417E+03
1.421E+03
1.421E+03
1.419E+03
1.414E+03
1.406E+03
1.397E+03
1.387E+03
1.349E+03
1.301E+03
1.237E+03
1.163E+03
1.087E+03
1.021E+03
9.640E+02
9.137E+02
8.294E+02
7.622E+02
7.063E+02
6.590E+02
6.184E+02
5.833E+02
5.523E+02
5.249E+02
5.004E+02
4.784E+02
4.585E+02
4.404E+02
4.239E+02
4.087E+02
3.480E+02
3.046E+02
2.717E+02
2.460E+02
2.251E+02
2.078E+02
1.932E+02
1.808E+02
1.605E+02
1.447E+02
1.320E+02
1.215E+02
1.128E+02
1.053E+02
9.886E+01
9.323E+01
8.827E+01
8.387E+01
7.994E+01
7.639E+01
7.318E+01
7.026E+01
5.887E+01
5.096E+01
4.514E+01
4.066E+01
3.710E+01
3.420E+01
3.179E+01
2.976E+01
2.650E+01
2.401E+01
2.204E+01
2.045E+01
1.913E+01
1.801E+01
1.707E+01
1.625E+01
1.553E+01
1.490E+01
1.435E+01
1.385E+01
1.341E+01
1.300E+01

#252:2:122
3.586E+01
4.419E+01
5.124E+01
5.748E+01
6.313E+01
7.321E+01
8.212E+01
9.020E+01
9.764E+01
1.046E+02
1.111E+02
1.173E+02
1.316E+02
1.445E+02
1.564E+02
1.676E+02
1.780E+02
1.879E+02
1.973E+02
2.063E+02
2.233E+02
2.391E+02
2.539E+02
2.680E+02
2.813E+02
2.940E+02
3.062E+02
3.179E+02
3.292E+02
3.401E+02
3.506E+02
3.608E+02
3.706E+02
3.802E+02
4.245E+02
4.635E+02
4.984E+02
5.299E+02
5.582E+02
5.838E+02
6.070E+02
6.278E+02
6.634E+02
6.916E+02
7.134E+02
7.296E+02
7.409E+02
7.481E+02
7.517E+02
7.524E+02
7.507E+02
7.470E+02
7.417E+02
7.351E+02
7.276E+02
7.195E+02
6.644E+02
6.112E+02
5.694E+02
5.383E+02
5.140E+02
4.916E+02
4.721E+02
4.540E+02
4.229E+02
3.937E+02
3.702E+02
3.496E+02
3.315E+02
3.153E+02
3.012E+02
2.885E+02
2.768E+02
2.661E+02
2.563E+02
2.471E+02
2.389E+02
2.315E+02
2.009E+02
1.787E+02
1.616E+02
1.479E+02
1.366E+02
1.272E+02
1.192E+02
1.123E+02
1.008E+02
9.177E+01
8.440E+01
7.827E+01
7.308E+01
6.862E+01
6.474E+01
6.133E+01
5.831E+01
5.562E+01
5.319E+01
5.099E+01
4.900E+01
4.717E+01
3.997E+01
3.490E+01
3.112E+01
2.819E+01
2.584E+01
2.391E+01
2.230E+01
2.094E+01
1.874E+01
1.705E+01
1.571E+01
1.461E+01
1.370E+01
1.294E+01
1.228E+01
1.171E+01
1.122E+01
1.078E+01
1.039E+01
1.004E+01
9.731E+00
9.449E+00

#255:2:122
1.920E+02
2.289E+02
2.594E+02
2.860E+02
3.097E+02
3.512E+02
3.874E+02
4.197E+02
4.492E+02
4.764E+02
5.019E+02
5.258E+02
5.804E+02
6.292E+02
6.738E+02
7.149E+02
7.533E+02
7.894E+02
8.235E+02
8.560E+02
9.165E+02
9.723E+02
1.024E+03
1.073E+03
1.119E+03
1.162E+03
1.203E+03
1.243E+03
1.280E+03
1.316E+03
1.351E+03
1.384E+03
1.416E+03
1.446E+03
1.585E+03
1.703E+03
1.805E+03
1.892E+03
1.968E+03
2.034E+03
2.090E+03
2.139E+03
2.215E+03
2.268E+03
2.303E+03
2.323E+03
2.331E+03
2.330E+03
2.321E+03
2.307E+03
2.287E+03
2.265E+03
2.240E+03
2.212E+03
2.184E+03
2.155E+03
1.995E+03
1.841E+03
1.703E+03
1.582E+03
1.477E+03
1.385E+03
1.305E+03
1.233E+03
1.113E+03
1.016E+03
9.360E+02
8.696E+02
8.130E+02
7.641E+02
7.213E+02
6.837E+02
6.501E+02
6.200E+02
5.929E+02
5.683E+02
5.459E+02
5.254E+02
4.440E+02
3.860E+02
3.425E+02
3.086E+02
2.812E+02
2.587E+02
2.398E+02
2.237E+02
1.977E+02
1.776E+02
1.614E+02
1.482E+02
1.372E+02
1.278E+02
1.197E+02
1.127E+02
1.066E+02
1.011E+02
9.623E+01
9.185E+01
8.789E+01
8.429E+01
7.031E+01
6.067E+01
5.360E+01
4.818E+01
4.389E+01
4.039E+01
3.750E+01
3.506E+01
3.116E+01
2.819E+01
2.584E+01
2.394E+01
2.237E+01
2.105E+01
1.993E+01
1.896E+01
1.811E+01
1.737E+01
1.671E+01
1.612E+01
1.560E+01
1.512E+01

#263:2:122
1.351E+02
1.656E+02
1.913E+02
2.139E+02
2.344E+02
2.707E+02
3.028E+02
3.318E+02
3.584E+02
3.832E+02
4.065E+02
4.286E+02
4.793E+02
5.252E+02
5.674E+02
6.067E+02
6.436E+02
6.785E+02
7.117E+02
7.434E+02
8.031E+02
8.586E+02
9.107E+02
9.601E+02
1.007E+03
1.052E+03
1.095E+03
1.136E+03
1.176E+03
1.214E+03
1.251E+03
1.287E+03
1.322E+03
1.356E+03
1.514E+03
1.655E+03
1.783E+03
1.899E+03
2.006E+03
2.104E+03
2.193E+03
2.275E+03
2.418E+03
2.535E+03
2.626E+03
2.693E+03
2.737E+03
2.760E+03
2.764E+03
2.752E+03
2.728E+03
2.695E+03
2.655E+03
2.612E+03
2.566E+03
2.519E+03
2.278E+03
2.060E+03
1.878E+03
1.727E+03
1.602E+03
1.494E+03
1.403E+03
1.323E+03
1.191E+03
1.085E+03
9.982E+02
9.260E+02
8.646E+02
8.117E+02
7.656E+02
7.249E+02
6.888E+02
6.565E+02
6.274E+02
6.011E+02
5.771E+02
5.552E+02
4.683E+02
4.068E+02
3.607E+02
3.248E+02
2.959E+02
2.721E+02
2.521E+02
2.352E+02
2.077E+02
1.865E+02
1.695E+02
1.556E+02
1.439E+02
1.341E+02
1.256E+02
1.182E+02
1.117E+02
1.060E+02
1.009E+02
9.627E+01
9.211E+01
8.834E+01
7.365E+01
6.354E+01
5.612E+01
5.043E+01
4.592E+01
4.226E+01
3.923E+01
3.667E+01
3.259E+01
2.947E+01
2.702E+01
2.503E+01
2.338E+01
2.200E+01
2.082E+01
1.981E+01
1.892E+01
1.814E+01
1.746E+01
1.684E+01
1.629E+01
1.579E+01

#264:2:122
1.497E+02
1.815E+02
2.082E+02
2.317E+02
2.528E+02
2.904E+02
3.235E+02
3.534E+02
3.809E+02
4.065E+02
4.305E+02
4.533E+02
5.057E+02
5.530E+02
5.966E+02
6.372E+02
6.754E+02
7.115E+02
7.458E+02
7.786E+02
8.404E+02
8.978E+02
9.516E+02
1.003E+03
1.051E+03
1.097E+03
1.141E+03
1.183E+03
1.224E+03
1.263E+03
1.301E+03
1.337E+03
1.372E+03
1.407E+03
1.563E+03
1.701E+03
1.822E+03
1.929E+03
2.024E+03
2.109E+03
2.185E+03
2.252E+03
2.362E+03
2.446E+03
2.507E+03
2.549E+03
2.573E+03
2.583E+03
2.581E+03
2.569E+03
2.550E+03
2.524E+03
2.494E+03
2.461E+03
2.426E+03
2.389E+03
2.211E+03
2.043E+03
1.887E+03
1.744E+03
1.616E+03
1.508E+03
1.415E+03
1.334E+03
1.201E+03
1.094E+03
1.006E+03
9.333E+02
8.714E+02
8.181E+02
7.715E+02
7.305E+02
6.941E+02
6.615E+02
6.321E+02
6.056E+02
5.814E+02
5.593E+02
4.717E+02
4.096E+02
3.631E+02
3.269E+02
2.977E+02
2.738E+02
2.537E+02
2.366E+02
2.089E+02
1.875E+02
1.704E+02
1.564E+02
1.447E+02
1.348E+02
1.263E+02
1.188E+02
1.123E+02
1.065E+02
1.014E+02
9.675E+01
9.257E+01
8.877E+01
7.400E+01
6.383E+01
5.637E+01
5.065E+01
4.613E+01
4.245E+01
3.940E+01
3.683E+01
3.272E+01
2.959E+01
2.713E+01
2.513E+01
2.348E+01
2.209E+01
2.090E+01
1.988E+01
1.900E+01
1.821E+01
1.752E+01
1.691E+01
1.635E+01
1.585E+01

#266:2:122
1.925E+02
2.300E+02
2.610E+02
2.881E+02
3.123E+02
3.549E+02
3.920E+02
4.253E+02
4.556E+02
4.838E+02
5.100E+02
5.348E+02
5.913E+02
6.421E+02
6.884E+02
7.313E+02
7.714E+02
8.091E+02
8.448E+02
8.788E+02
9.424E+02
1.001E+03
1.056E+03
1.107E+03
1.155E+03
1.201E+03
1.245E+03
1.287E+03
1.327E+03
1.365E+03
1.401E+03
1.437E+03
1.471E+03
1.504E+03
1.652E+03
1.779E+03
1.888E+03
1.983E+03
2.065E+03
2.136E+03
2.197E+03
2.250E+03
2.333E+03
2.392E+03
2.430E+03
2.452E+03
2.461E+03
2.459E+03
2.449E+03
2.433E+03
2.411E+03
2.386E+03
2.358E+03
2.328E+03
2.296E+03
2.264E+03
2.109E+03
1.960E+03
1.817E+03
1.683E+03
1.560E+03
1.456E+03
1.368E+03
1.291E+03
1.163E+03
1.060E+03
9.766E+02
9.066E+02
8.471E+02
7.957E+02
7.508E+02
7.113E+02
6.761E+02
6.446E+02
6.162E+02
5.905E+02
5.670E+02
5.456E+02
4.605E+02
4.001E+02
3.548E+02
3.195E+02
2.911E+02
2.677E+02
2.481E+02
2.314E+02
2.044E+02
1.835E+02
1.668E+02
1.531E+02
1.416E+02
1.319E+02
1.236E+02
1.163E+02
1.099E+02
1.043E+02
9.926E+01
9.473E+01
9.064E+01
8.692E+01
7.248E+01
6.252E+01
5.522E+01
4.963E+01
4.520E+01
4.160E+01
3.861E+01
3.609E+01
3.207E+01
2.901E+01
2.659E+01
2.463E+01
2.302E+01
2.166E+01
2.050E+01
1.950E+01
1.863E+01
1.786E+01
1.718E+01
1.658E+01
1.604E+01
1.555E+01

#276:2:122
9.891E+01
1.228E+02
1.431E+02
1.611E+02
1.776E+02
2.069E+02
2.330E+02
2.568E+02
2.788E+02
2.993E+02
3.186E+02
3.370E+02
3.795E+02
4.181E+02
4.538E+02
4.871E+02
5.186E+02
5.483E+02
5.767E+02
6.039E+02
6.552E+02
7.030E+02
7.480E+02
7.905E+02
8.310E+02
8.696E+02
9.066E+02
9.422E+02
9.764E+02
1.009E+03
1.041E+03
1.072E+03
1.102E+03
1.131E+03
1.265E+03
1.383E+03
1.488E+03
1.582E+03
1.666E+03
1.743E+03
1.811E+03
1.873E+03
1.978E+03
2.062E+03
2.128E+03
2.178E+03
2.215E+03
2.240E+03
2.255E+03
2.262E+03
2.262E+03
2.256E+03
2.245E+03
2.230E+03
2.211E+03
2.190E+03
2.050E+03
1.896E+03
1.752E+03
1.624E+03
1.511E+03
1.414E+03
1.329E+03
1.255E+03
1.132E+03
1.034E+03
9.527E+02
8.848E+02
8.269E+02
7.771E+02
7.334E+02
6.949E+02
6.607E+02
6.301E+02
6.025E+02
5.776E+02
5.548E+02
5.340E+02
4.514E+02
3.927E+02
3.487E+02
3.144E+02
2.867E+02
2.639E+02
2.448E+02
2.284E+02
2.020E+02
1.815E+02
1.651E+02
1.516E+02
1.404E+02
1.308E+02
1.226E+02
1.155E+02
1.092E+02
1.036E+02
9.863E+01
9.416E+01
9.012E+01
8.645E+01
7.215E+01
6.229E+01
5.505E+01
4.950E+01
4.510E+01
4.152E+01
3.855E+01
3.604E+01
3.205E+01
2.900E+01
2.659E+01
2.464E+01
2.302E+01
2.167E+01
2.051E+01
1.952E+01
1.865E+01
1.788E+01
1.721E+01
1.660E+01
1.606E+01
1.557E+01

#277:2:122
1.263E+02
1.547E+02
1.787E+02
1.998E+02
2.188E+02
2.527E+02
2.825E+02
3.095E+02
3.343E+02
3.573E+02
3.790E+02
3.995E+02
4.467E+02
4.893E+02
5.285E+02
5.650E+02
5.992E+02
6.316E+02
6.625E+02
6.919E+02
7.473E+02
7.988E+02
8.472E+02
8.929E+02
9.363E+02
9.778E+02
1.018E+03
1.056E+03
1.093E+03
1.128E+03
1.163E+03
1.196E+03
1.228E+03
1.260E+03
1.405E+03
1.535E+03
1.652E+03
1.758E+03
1.855E+03
1.942E+03
2.022E+03
2.094E+03
2.216E+03
2.309E+03
2.377E+03
2.422E+03
2.446E+03
2.455E+03
2.453E+03
2.446E+03
2.436E+03
2.423E+03
2.409E+03
2.392E+03
2.371E+03
2.346E+03
2.169E+03
1.971E+03
1.797E+03
1.653E+03
1.537E+03
1.437E+03
1.351E+03
1.275E+03
1.149E+03
1.049E+03
9.658E+02
8.966E+02
8.376E+02
7.869E+02
7.425E+02
7.033E+02
6.686E+02
6.375E+02
6.095E+02
5.842E+02
5.611E+02
5.399E+02
4.561E+02
3.967E+02
3.521E+02
3.173E+02
2.894E+02
2.663E+02
2.469E+02
2.304E+02
2.037E+02
1.830E+02
1.664E+02
1.528E+02
1.415E+02
1.318E+02
1.236E+02
1.163E+02
1.100E+02
1.044E+02
9.935E+01
9.484E+01
9.076E+01
8.706E+01
7.265E+01
6.271E+01
5.541E+01
4.982E+01
4.538E+01
4.178E+01
3.879E+01
3.626E+01
3.224E+01
2.917E+01
2.674E+01
2.478E+01
2.316E+01
2.179E+01
2.063E+01
1.962E+01
1.875E+01
1.798E+01
1.730E+01
1.669E+01
1.615E+01
1.566E+01

