57
1.0000E-03
1.5000E-03
2.0000E-03
3.0000E-03
4.0000E-03
5.0000E-03
6.0000E-03
8.0000E-03
1.0000E-02
1.5000E-02
2.0000E-02
3.0000E-02
4.0000E-02
5.0000E-02
6.0000E-02
8.0000E-02
1.0000E-01
1.5000E-01
2.0000E-01
3.0000E-01
4.0000E-01
5.0000E-01
6.0000E-01
8.0000E-01
1.0000E+00
1.5000E+00
2.0000E+00
3.0000E+00
4.0000E+00
5.0000E+00
6.0000E+00
8.0000E+00
1.0000E+01
1.5000E+01
2.0000E+01
3.0000E+01
4.0000E+01
5.0000E+01
6.0000E+01
8.0000E+01
1.0000E+02
1.5000E+02
2.0000E+02
3.0000E+02
4.0000E+02
5.0000E+02
6.0000E+02
8.0000E+02
1.0000E+03
1.5000E+03
2.0000E+03
3.0000E+03
4.0000E+03
5.0000E+03
6.0000E+03
8.0000E+03
1.0000E+04
